176.36	0.000
176.58	0.000
176.80	0.000
177.02	-254.608
177.24	-237.047
177.47	-203.750
177.69	-252.186
177.91	-699.422
178.13	-266.048
178.35	-242.979
178.57	-296.392
178.79	-317.886
179.01	-333.012
179.23	-330.916
179.46	-344.170
179.68	-349.442
179.90	-374.453
180.12	-389.819
180.34	-427.639
180.56	-482.416
180.78	-567.272
181.00	-602.893
181.22	-654.416
181.44	-686.901
181.66	-798.340
181.89	-876.103
182.11	-909.270
182.33	-1014.726
182.55	-1335.801
182.77	-1465.154
182.99	-1344.412
183.21	-1410.241
183.43	-1164.413
183.65	-1369.488
183.87	-2479.757
184.09	-3227.261
184.31	-5549.103
184.53	-42077.966
184.76	8582.474
184.98	77878.125
185.20	-7748.734
185.42	-6466.227
185.64	-9365.900
185.86	-5695.581
186.08	-38587.302
186.30	-10370.085
186.52	84972.414
186.74	4450.626
186.96	3697.761
187.18	4291.519
187.40	7861.688
187.62	3576.799
187.84	3326.860
188.06	3187.682
188.28	7834.323
188.51	-18452.381
188.73	-14598.742
188.95	-6092.000
189.17	-3243.262
189.39	-2443.615
189.61	-1936.293
189.83	-2109.302
190.05	-1943.614
190.27	-2171.014
190.49	-2550.851
190.71	-2943.590
190.93	-4023.592
191.15	-3483.614
191.37	-2773.537
191.59	-2665.152
191.81	-2878.483
192.03	-4077.915
192.25	-2388.058
192.47	-2721.183
192.69	-3127.951
192.91	-6876.036
193.13	-5452.000
193.35	-4027.700
193.57	-6534.167
193.79	-18866.935
194.01	-14740.000
194.23	-73237.500
194.45	8912.453
194.67	20757.018
194.89	9657.317
195.11	11425.481
195.33	5201.762
195.55	3810.032
195.77	2979.026
195.99	3205.108
196.21	2793.506
196.43	2278.182
196.65	2220.130
196.87	1932.824
197.09	1696.908
197.31	1668.407
197.53	1812.923
197.75	1707.546
197.97	1555.712
198.19	1786.603
198.41	2330.029
198.63	2099.058
198.85	1668.568
199.07	1724.488
199.29	1483.792
199.51	1525.991
199.73	1482.686
199.95	1454.221
200.17	1535.250
200.39	1421.601
200.61	1251.703
200.83	1132.131
201.05	1244.680
201.27	1192.508
201.49	1352.227
201.71	1353.148
201.93	1352.899
202.15	1499.507
202.37	1464.320
202.59	1365.183
202.81	1055.494
203.03	969.818
203.25	949.285
203.47	1087.729
203.69	1071.261
203.91	951.155
204.13	957.154
204.35	881.613
204.57	974.343
204.79	1063.280
205.01	1060.655
205.23	1114.311
205.45	1148.599
205.67	1105.523
205.89	1148.133
206.10	1089.280
206.32	1004.393
206.54	925.120
206.76	798.087
206.98	778.574
207.20	752.182
207.42	843.906
207.64	755.108
207.86	696.448
208.08	683.850
208.30	751.014
208.52	879.551
208.74	818.080
208.96	856.926
209.18	827.342
209.40	708.565
209.62	669.201
209.83	667.407
210.05	689.952
210.27	627.310
210.49	607.826
210.71	553.556
210.93	556.791
211.15	558.189
211.37	543.911
211.59	526.748
211.81	537.254
212.03	498.076
212.25	507.641
212.47	522.013
212.68	480.150
212.90	444.156
213.12	401.559
213.34	398.862
213.56	392.311
213.78	383.406
214.00	389.482
214.22	371.308
214.44	347.181
214.66	335.193
214.88	331.691
215.09	331.583
215.31	337.637
215.53	324.200
215.75	312.630
215.97	310.058
216.19	299.013
216.41	288.367
216.63	280.858
216.85	273.052
217.06	265.008
217.28	263.231
217.50	258.045
217.72	256.876
217.94	248.944
218.16	238.233
218.38	228.752
218.60	217.900
218.82	212.284
219.03	209.824
219.25	205.361
219.47	197.994
219.69	189.896
219.91	180.743
220.13	173.231
220.35	165.227
220.57	160.186
220.78	155.896
221.00	150.529
221.22	146.371
221.44	141.079
221.66	135.533
221.88	131.214
222.10	127.808
222.31	122.661
222.53	116.955
222.75	111.443
222.97	105.963
223.19	101.904
223.41	96.115
223.63	90.399
223.84	84.790
224.06	79.965
224.28	74.868
224.50	70.716
224.72	67.836
224.94	64.694
225.16	61.784
225.37	59.393
225.59	56.862
225.81	54.668
226.03	53.334
226.25	52.107
226.47	50.793
226.68	49.497
226.90	48.378
227.12	47.617
227.34	46.906
227.56	46.554
227.78	45.772
227.99	45.335
228.21	45.029
228.43	44.714
228.65	44.545
228.87	44.538
229.09	44.423
229.30	44.375
229.52	44.466
229.74	44.500
229.96	44.534
230.18	44.718
230.39	44.907
230.61	45.125
230.83	45.191
231.05	45.314
231.27	45.481
231.49	45.626
231.70	45.964
231.92	46.294
232.14	46.323
232.36	46.661
232.58	46.985
232.79	47.008
233.01	47.300
233.23	47.287
233.45	47.345
233.67	47.481
233.88	47.565
234.10	47.596
234.32	47.602
234.54	47.639
234.75	47.704
234.97	47.531
235.19	47.168
235.41	46.863
235.63	46.584
235.84	46.396
236.06	46.383
236.28	46.017
236.50	45.259
236.72	44.647
236.93	43.982
237.15	43.041
237.37	42.191
237.59	41.252
237.80	40.484
238.02	39.558
238.24	38.804
238.46	38.037
238.67	37.351
238.89	36.704
239.11	36.189
239.33	35.590
239.55	35.232
239.76	34.780
239.98	34.375
240.20	33.982
240.42	33.604
240.63	33.207
240.85	32.897
241.07	32.655
241.29	32.443
241.50	32.251
241.72	32.131
241.94	31.993
242.16	31.809
242.37	31.526
242.59	31.406
242.81	31.217
243.03	31.040
243.24	30.775
243.46	30.589
243.68	30.376
243.90	30.176
244.11	29.961
244.33	29.807
244.55	29.631
244.76	29.468
244.98	29.407
245.20	29.310
245.42	29.186
245.63	29.120
245.85	28.956
246.07	28.830
246.29	28.803
246.50	28.774
246.72	28.718
246.94	28.789
247.15	28.736
247.37	28.702
247.59	28.711
247.81	28.750
248.02	28.722
248.24	28.762
248.46	28.815
248.67	28.887
248.89	28.926
249.11	29.020
249.33	29.090
249.54	29.115
249.76	29.117
249.98	29.213
250.19	29.258
250.41	29.455
250.63	29.596
250.84	29.595
251.06	29.623
251.28	29.796
251.50	29.749
251.71	29.816
251.93	29.965
252.15	30.050
252.36	30.046
252.58	30.156
252.80	30.188
253.01	30.220
253.23	30.250
253.45	30.226
253.66	30.153
253.88	30.166
254.10	30.006
254.31	29.860
254.53	29.505
254.75	29.161
254.97	28.780
255.18	28.380
255.40	28.045
255.62	27.724
255.83	27.297
256.05	26.976
256.27	26.721
256.48	26.382
256.70	26.086
256.92	25.852
257.13	25.645
257.35	25.434
257.57	25.235
257.78	25.001
258.00	24.881
258.21	24.761
258.43	24.623
258.65	24.554
258.86	24.498
259.08	24.503
259.30	24.544
259.51	24.561
259.73	24.574
259.95	24.585
260.16	24.567
260.38	24.574
260.60	24.660
260.81	24.639
261.03	24.704
261.25	24.739
261.46	24.796
261.68	24.842
261.89	24.885
262.11	25.007
262.33	25.101
262.54	25.192
262.76	25.234
262.98	25.327
263.19	25.344
263.41	25.347
263.62	25.320
263.84	25.235
264.06	25.178
264.27	25.161
264.49	25.085
264.71	25.058
264.92	24.994
265.14	24.872
265.35	24.865
265.57	24.764
265.79	24.693
266.00	24.600
266.22	24.507
266.43	24.429
266.65	24.293
266.87	24.221
267.08	24.036
267.30	23.959
267.51	23.865
267.73	23.794
267.95	23.725
268.16	23.666
268.38	23.596
268.59	23.531
268.81	23.437
269.03	23.372
269.24	23.301
269.46	23.271
269.67	23.202
269.89	23.132
270.11	23.076
270.32	23.027
270.54	22.985
270.75	22.959
270.97	22.915
271.19	22.921
271.40	22.881
271.62	22.890
271.83	22.849
272.05	22.798
272.26	22.771
272.48	22.796
272.70	22.797
272.91	22.805
273.13	22.763
273.34	22.752
273.56	22.754
273.77	22.773
273.99	22.772
274.21	22.767
274.42	22.776
274.64	22.756
274.85	22.768
275.07	22.789
275.28	22.778
275.50	22.753
275.71	22.723
275.93	22.668
276.15	22.659
276.36	22.571
276.58	22.588
276.79	22.563
277.01	22.444
277.22	22.379
277.44	22.310
277.65	22.273
277.87	22.240
278.08	22.182
278.30	22.058
278.52	21.995
278.73	21.941
278.95	21.821
279.16	21.734
279.38	21.649
279.59	21.563
279.81	21.473
280.02	21.395
280.24	21.292
280.45	21.238
280.67	21.129
280.88	21.087
281.10	21.002
281.31	20.921
281.53	20.885
281.74	20.782
281.96	20.710
282.17	20.688
282.39	20.586
282.60	20.519
282.82	20.461
283.04	20.391
283.25	20.311
283.47	20.293
283.68	20.277
283.90	20.201
284.11	20.159
284.33	20.139
284.54	20.125
284.76	20.098
284.97	20.090
285.19	20.090
285.40	20.071
285.62	20.039
285.83	20.036
286.05	20.021
286.26	20.045
286.48	20.026
286.69	19.962
286.91	19.981
287.12	19.943
287.33	19.936
287.55	19.957
287.76	19.955
287.98	19.948
288.19	19.919
288.41	19.908
288.62	19.899
288.84	19.887
289.05	19.908
289.27	19.885
289.48	19.894
289.70	19.864
289.91	19.855
290.13	19.864
290.34	19.833
290.56	19.809
290.77	19.752
290.99	19.725
291.20	19.711
291.41	19.677
291.63	19.676
291.84	19.660
292.06	19.605
292.27	19.574
292.49	19.516
292.70	19.509
292.92	19.494
293.13	19.471
293.35	19.444
293.56	19.378
293.77	19.357
293.99	19.290
294.20	19.281
294.42	19.258
294.63	19.214
294.85	19.169
295.06	19.166
295.28	19.202
295.49	19.188
295.70	19.198
295.92	19.192
296.13	19.166
296.35	19.162
296.56	19.161
296.78	19.174
296.99	19.183
297.20	19.184
297.42	19.185
297.63	19.181
297.85	19.184
298.06	19.207
298.28	19.225
298.49	19.256
298.70	19.253
298.92	19.273
299.13	19.302
299.35	19.330
299.56	19.358
299.77	19.313
299.99	19.358
300.20	19.367
300.42	19.384
300.63	19.400
300.85	19.387
301.06	19.409
301.27	19.403
301.49	19.428
301.70	19.418
301.92	19.409
302.13	19.455
302.34	19.452
302.56	19.440
302.77	19.464
302.99	19.473
303.20	19.483
303.41	19.511
303.63	19.517
303.84	19.541
304.05	19.470
304.27	19.480
304.48	19.438
304.70	19.417
304.91	19.419
305.12	19.421
305.34	19.429
305.55	19.382
305.77	19.374
305.98	19.360
306.19	19.362
306.41	19.365
306.62	19.334
306.83	19.298
307.05	19.294
307.26	19.272
307.47	19.269
307.69	19.261
307.90	19.244
308.12	19.245
308.33	19.215
308.54	19.253
308.76	19.263
308.97	19.282
309.18	19.271
309.40	19.279
309.61	19.283
309.82	19.299
310.04	19.373
310.25	19.386
310.46	19.407
310.68	19.435
310.89	19.453
311.11	19.475
311.32	19.532
311.53	19.563
311.75	19.582
311.96	19.607
312.17	19.636
312.39	19.675
312.60	19.683
312.81	19.742
313.03	19.762
313.24	19.793
313.45	19.828
313.67	19.892
313.88	19.924
314.09	20.000
314.31	20.051
314.52	20.042
314.73	20.101
314.95	20.133
315.16	20.168
315.37	20.212
315.58	20.232
315.80	20.256
316.01	20.308
316.22	20.356
316.44	20.388
316.65	20.459
316.86	20.481
317.08	20.510
317.29	20.575
317.50	20.607
317.72	20.626
317.93	20.658
318.14	20.680
318.35	20.686
318.57	20.688
318.78	20.679
318.99	20.680
319.21	20.670
319.42	20.651
319.63	20.635
319.85	20.608
320.06	20.593
320.27	20.563
320.48	20.528
320.70	20.498
320.91	20.462
321.12	20.422
321.34	20.380
321.55	20.366
321.76	20.320
321.97	20.312
322.19	20.286
322.40	20.266
322.61	20.212
322.83	20.192
323.04	20.143
323.25	20.125
323.46	20.105
323.68	20.086
323.89	20.085
324.10	20.082
324.31	20.088
324.53	20.100
324.74	20.120
324.95	20.115
325.16	20.119
325.38	20.113
325.59	20.108
325.80	20.113
326.01	20.137
326.23	20.110
326.44	20.106
326.65	20.141
326.86	20.146
327.08	20.200
327.29	20.245
327.50	20.274
327.71	20.282
327.93	20.323
328.14	20.350
328.35	20.369
328.56	20.380
328.78	20.393
328.99	20.379
329.20	20.378
329.41	20.391
329.63	20.404
329.84	20.428
330.05	20.444
330.26	20.461
330.48	20.444
330.69	20.444
330.90	20.434
331.11	20.425
331.32	20.419
331.54	20.406
331.75	20.369
331.96	20.359
332.17	20.372
332.39	20.335
332.60	20.317
332.81	20.306
333.02	20.296
333.23	20.256
333.45	20.244
333.66	20.257
333.87	20.261
334.08	20.265
334.29	20.265
334.51	20.257
334.72	20.255
334.93	20.252
335.14	20.270
335.35	20.269
335.57	20.266
335.78	20.254
335.99	20.229
336.20	20.224
336.41	20.226
336.63	20.216
336.84	20.228
337.05	20.238
337.26	20.234
337.47	20.253
337.69	20.268
337.90	20.259
338.11	20.244
338.32	20.229
338.53	20.210
338.74	20.221
338.96	20.198
339.17	20.166
339.38	20.162
339.59	20.140
339.80	20.151
340.01	20.138
340.23	20.155
340.44	20.131
340.65	20.141
340.86	20.126
341.07	20.124
341.28	20.104
341.50	20.081
341.71	20.069
341.92	20.036
342.13	20.030
342.34	20.036
342.55	20.014
342.77	20.034
342.98	20.025
343.19	19.992
343.40	20.013
343.61	20.030
343.82	20.027
344.03	20.048
344.25	20.053
344.46	20.054
344.67	20.055
344.88	20.075
345.09	20.059
345.30	20.058
345.51	20.069
345.73	20.078
345.94	20.075
346.15	20.063
346.36	20.086
346.57	20.093
346.78	20.107
346.99	20.143
347.21	20.136
347.42	20.137
347.63	20.141
347.84	20.119
348.05	20.114
348.26	20.107
348.47	20.100
348.68	20.082
348.89	20.088
349.11	20.082
349.32	20.086
349.53	20.076
349.74	20.084
349.95	20.070
350.16	20.067
350.37	20.075
350.58	20.076
350.79	20.079
351.01	20.080
351.22	20.069
351.43	20.050
351.64	20.038
351.85	20.033
352.06	20.029
352.27	20.015
352.48	19.987
352.69	19.988
352.90	19.976
353.12	19.965
353.33	19.961
353.54	19.943
353.75	19.928
353.96	19.933
354.17	19.928
354.38	19.912
354.59	19.907
354.80	19.894
355.01	19.898
355.22	19.861
355.43	19.849
355.64	19.834
355.86	19.806
356.07	19.789
356.28	19.758
356.49	19.743
356.70	19.732
356.91	19.729
357.12	19.714
357.33	19.705
357.54	19.705
357.75	19.681
357.96	19.669
358.17	19.673
358.38	19.654
358.59	19.637
358.80	19.639
359.02	19.636
359.23	19.642
359.44	19.638
359.65	19.644
359.86	19.638
360.07	19.642
360.28	19.668
360.49	19.662
360.70	19.681
360.91	19.679
361.12	19.705
361.33	19.717
361.54	19.713
361.75	19.706
361.96	19.701
362.17	19.709
362.38	19.725
362.59	19.726
362.80	19.746
363.01	19.760
363.22	19.765
363.43	19.770
363.64	19.748
363.85	19.753
364.06	19.762
364.27	19.771
364.48	19.788
364.69	19.772
364.90	19.786
365.11	19.792
365.33	19.804
365.54	19.789
365.75	19.791
365.96	19.801
366.17	19.833
366.38	19.845
366.59	19.852
366.80	19.850
367.01	19.852
367.22	19.842
367.43	19.826
367.64	19.821
367.85	19.815
368.06	19.832
368.27	19.832
368.48	19.827
368.69	19.831
368.90	19.810
369.11	19.818
369.32	19.805
369.53	19.797
369.74	19.809
369.94	19.811
370.15	19.811
370.36	19.808
370.57	19.787
370.78	19.783
370.99	19.763
371.20	19.755
371.41	19.749
371.62	19.750
371.83	19.735
372.04	19.724
372.25	19.702
372.46	19.703
372.67	19.686
372.88	19.671
373.09	19.656
373.30	19.664
373.51	19.644
373.72	19.637
373.93	19.638
374.14	19.614
374.35	19.594
374.56	19.578
374.77	19.570
374.98	19.552
375.19	19.538
375.40	19.552
375.61	19.541
375.82	19.533
376.03	19.522
376.23	19.541
376.44	19.540
376.65	19.564
376.86	19.554
377.07	19.567
377.28	19.554
377.49	19.558
377.70	19.545
377.91	19.525
378.12	19.524
378.33	19.517
378.54	19.506
378.75	19.506
378.96	19.501
379.17	19.503
379.37	19.502
379.58	19.501
379.79	19.483
380.00	19.485
380.21	19.485
380.42	19.480
380.63	19.470
380.84	19.459
381.05	19.439
381.26	19.439
381.47	19.418
381.68	19.418
381.89	19.408
382.09	19.389
382.30	19.412
382.51	19.398
382.72	19.385
382.93	19.379
383.14	19.366
383.35	19.354
383.56	19.348
383.77	19.336
383.98	19.325
384.18	19.323
384.39	19.310
384.60	19.292
384.81	19.280
385.02	19.279
385.23	19.283
385.44	19.280
385.65	19.255
385.86	19.246
386.06	19.236
386.27	19.221
386.48	19.209
386.69	19.193
386.90	19.187
387.11	19.179
387.32	19.168
387.53	19.167
387.73	19.159
387.94	19.128
388.15	19.128
388.36	19.106
388.57	19.075
388.78	19.047
388.99	19.042
389.20	19.028
389.40	19.020
389.61	19.010
389.82	18.995
390.03	18.990
390.24	18.982
390.45	18.971
390.66	18.958
390.86	18.963
391.07	18.945
391.28	18.939
391.49	18.930
391.70	18.931
391.91	18.912
392.12	18.909
392.32	18.914
392.53	18.905
392.74	18.892
392.95	18.902
393.16	18.916
393.37	18.910
393.57	18.917
393.78	18.893
393.99	18.889
394.20	18.879
394.41	18.876
394.62	18.873
394.82	18.878
395.03	18.878
395.24	18.867
395.45	18.861
395.66	18.861
395.87	18.855
396.07	18.852
396.28	18.840
396.49	18.840
396.70	18.837
396.91	18.824
397.11	18.845
397.32	18.833
397.53	18.822
397.74	18.819
397.95	18.810
398.16	18.813
398.36	18.793
398.57	18.777
398.78	18.770
398.99	18.758
399.20	18.741
399.40	18.735
399.61	18.727
399.82	18.718
400.03	18.700
400.24	18.686
400.44	18.659
400.65	18.657
400.86	18.654
401.07	18.639
401.27	18.639
401.48	18.609
401.69	18.602
401.90	18.598
402.11	18.589
402.31	18.586
402.52	18.585
402.73	18.591
402.94	18.605
403.15	18.605
403.35	18.606
403.56	18.608
403.77	18.606
403.98	18.593
404.18	18.593
404.39	18.605
404.60	18.607
404.81	18.609
405.01	18.604
405.22	18.611
405.43	18.610
405.64	18.605
405.85	18.605
406.05	18.609
406.26	18.614
406.47	18.607
406.68	18.602
406.88	18.591
407.09	18.593
407.30	18.578
407.51	18.568
407.71	18.556
407.92	18.557
408.13	18.546
408.34	18.562
408.54	18.562
408.75	18.552
408.96	18.550
409.16	18.556
409.37	18.566
409.58	18.552
409.79	18.546
409.99	18.551
410.20	18.563
410.41	18.551
410.62	18.534
410.82	18.524
411.03	18.510
411.24	18.505
411.45	18.486
411.65	18.481
411.86	18.459
412.07	18.459
412.27	18.438
412.48	18.430
412.69	18.417
412.90	18.394
413.10	18.369
413.31	18.356
413.52	18.336
413.72	18.316
413.93	18.285
414.14	18.260
414.35	18.232
414.55	18.185
414.76	18.169
414.97	18.152
415.17	18.133
415.38	18.113
415.59	18.089
415.79	18.067
416.00	18.038
416.21	18.037
416.41	18.015
416.62	18.006
416.83	18.001
417.04	17.991
417.24	17.995
417.45	17.985
417.66	17.973
417.86	17.962
418.07	17.954
418.28	17.952
418.48	17.952
418.69	17.946
418.90	17.953
419.10	17.941
419.31	17.933
419.52	17.932
419.72	17.929
419.93	17.931
420.14	17.928
420.34	17.936
420.55	17.936
420.76	17.933
420.96	17.930
421.17	17.924
421.38	17.918
421.58	17.915
421.79	17.914
422.00	17.912
422.20	17.918
422.41	17.922
422.62	17.929
422.82	17.930
423.03	17.934
423.24	17.939
423.44	17.949
423.65	17.953
423.85	17.964
424.06	17.969
424.27	17.972
424.47	17.978
424.68	17.976
424.89	17.971
425.09	17.977
425.30	17.981
425.51	17.992
425.71	17.993
425.92	17.993
426.12	18.006
426.33	18.011
426.54	18.009
426.74	18.008
426.95	18.007
427.16	18.005
427.36	18.006
427.57	18.007
427.77	18.005
427.98	18.012
428.19	18.000
428.39	18.006
428.60	18.003
428.81	18.000
429.01	18.006
429.22	18.006
429.42	18.012
429.63	18.012
429.84	17.997
430.04	18.000
430.25	17.994
430.45	17.998
430.66	17.998
430.87	18.009
431.07	18.011
431.28	18.017
431.48	18.018
431.69	18.021
431.90	18.019
432.10	18.022
432.31	18.017
432.51	18.017
432.72	18.015
432.92	18.019
433.13	18.022
433.34	18.018
433.54	18.017
433.75	18.008
433.95	18.003
434.16	18.006
434.37	18.001
434.57	17.992
434.78	17.974
434.98	17.958
435.19	17.937
435.39	17.924
435.60	17.900
435.81	17.887
436.01	17.878
436.22	17.875
436.42	17.867
436.63	17.861
436.83	17.858
437.04	17.851
437.24	17.841
437.45	17.840
437.66	17.843
437.86	17.850
438.07	17.852
438.27	17.860
438.48	17.860
438.68	17.869
438.89	17.874
439.09	17.884
439.30	17.895
439.50	17.897
439.71	17.894
439.92	17.901
440.12	17.905
440.33	17.904
440.53	17.897
440.74	17.888
440.94	17.884
441.15	17.873
441.35	17.864
441.56	17.858
441.76	17.845
441.97	17.832
442.17	17.821
442.38	17.814
442.58	17.805
442.79	17.800
443.00	17.788
443.20	17.783
443.41	17.779
443.61	17.776
443.82	17.777
444.02	17.785
444.23	17.787
444.43	17.789
444.64	17.786
444.84	17.793
445.05	17.803
445.25	17.814
445.46	17.829
445.66	17.843
445.87	17.855
446.07	17.861
446.28	17.872
446.48	17.878
446.69	17.878
446.89	17.882
447.10	17.879
447.30	17.877
447.51	17.874
447.71	17.869
447.92	17.868
448.12	17.868
448.33	17.855
448.53	17.855
448.73	17.861
448.94	17.861
449.14	17.859
449.35	17.852
449.55	17.841
449.76	17.837
449.96	17.824
450.17	17.816
450.37	17.823
450.58	17.822
450.78	17.826
450.99	17.834
451.19	17.837
451.40	17.847
451.60	17.838
451.81	17.852
452.01	17.864
452.21	17.873
452.42	17.883
452.62	17.893
452.83	17.886
453.03	17.873
453.24	17.876
453.44	17.874
453.65	17.879
453.85	17.881
454.06	17.875
454.26	17.873
454.46	17.868
454.67	17.850
454.87	17.842
455.08	17.832
455.28	17.827
455.49	17.814
455.69	17.803
455.89	17.809
456.10	17.802
456.30	17.792
456.51	17.787
456.71	17.779
456.92	17.786
457.12	17.796
457.32	17.819
457.53	17.818
457.73	17.827
457.94	17.837
458.14	17.846
458.35	17.861
458.55	17.873
458.75	17.888
458.96	17.898
459.16	17.917
459.37	17.928
459.57	17.940
459.77	17.949
459.98	17.958
460.18	17.972
460.39	17.978
460.59	17.979
460.79	17.982
461.00	17.982
461.20	17.978
461.41	17.979
461.61	17.968
461.81	17.979
462.02	17.974
462.22	17.965
462.43	17.957
462.63	17.942
462.83	17.945
463.04	17.937
463.24	17.945
463.45	17.928
463.65	17.929
463.85	17.925
464.06	17.928
464.26	17.936
464.46	17.938
464.67	17.940
464.87	17.946
465.08	17.954
465.28	17.957
465.48	17.975
465.69	17.974
465.89	17.975
466.09	17.977
466.30	17.983
466.50	17.999
466.71	18.006
466.91	18.011
467.11	18.004
467.32	18.001
467.52	18.007
467.72	18.007
467.93	17.999
468.13	17.999
468.33	18.002
468.54	17.999
468.74	17.998
468.94	18.002
469.15	18.003
469.35	18.000
469.55	18.005
469.76	17.987
469.96	17.993
470.17	17.997
470.37	17.998
470.57	17.993
470.78	17.989
470.98	17.988
471.18	17.986
471.39	17.992
471.59	17.994
471.79	17.987
471.99	17.985
472.20	17.986
472.40	17.988
472.60	17.979
472.81	17.971
473.01	17.970
473.21	17.966
473.42	17.966
473.62	17.961
473.82	17.957
474.03	17.963
474.23	17.952
474.43	17.947
474.64	17.940
474.84	17.944
475.04	17.943
475.25	17.938
475.45	17.928
475.65	17.923
475.85	17.915
476.06	17.899
476.26	17.897
476.46	17.893
476.67	17.888
476.87	17.881
477.07	17.874
477.28	17.859
477.48	17.840
477.68	17.815
477.88	17.791
478.09	17.762
478.29	17.725
478.49	17.688
478.70	17.649
478.90	17.611
479.10	17.568
479.30	17.529
479.51	17.507
479.71	17.499
479.91	17.487
480.11	17.488
480.32	17.490
480.52	17.494
480.72	17.502
480.93	17.508
481.13	17.517
481.33	17.528
481.53	17.545
481.74	17.562
481.94	17.580
482.14	17.600
482.34	17.621
482.55	17.644
482.75	17.667
482.95	17.694
483.15	17.718
483.36	17.739
483.56	17.758
483.76	17.772
483.96	17.783
484.17	17.792
484.37	17.797
484.57	17.803
484.77	17.805
484.98	17.798
485.18	17.794
485.38	17.793
485.58	17.788
485.79	17.778
485.99	17.766
486.19	17.755
486.39	17.744
486.59	17.732
486.80	17.722
487.00	17.715
487.20	17.701
487.40	17.690
487.61	17.685
487.81	17.680
488.01	17.677
488.21	17.669
488.41	17.667
488.62	17.665
488.82	17.663
489.02	17.662
489.22	17.671
489.43	17.673
489.63	17.676
489.83	17.677
490.03	17.686
490.23	17.694
490.44	17.706
490.64	17.716
490.84	17.726
491.04	17.735
491.24	17.739
491.45	17.743
491.65	17.746
491.85	17.749
492.05	17.749
492.25	17.749
492.45	17.754
492.66	17.754
492.86	17.749
493.06	17.750
493.26	17.742
493.46	17.737
493.67	17.740
493.87	17.739
494.07	17.742
494.27	17.740
494.47	17.739
494.67	17.737
494.88	17.736
495.08	17.734
495.28	17.732
495.48	17.728
495.68	17.736
495.89	17.745
496.09	17.756
496.29	17.771
496.49	17.785
496.69	17.794
496.89	17.805
497.09	17.823
497.30	17.839
497.50	17.857
497.70	17.873
497.90	17.883
498.10	17.890
498.30	17.897
498.51	17.901
498.71	17.911
498.91	17.917
499.11	17.926
499.31	17.926
499.51	17.930
499.71	17.939
499.92	17.945
500.12	17.947
500.32	17.947
500.52	17.950
500.72	17.950
500.92	17.953
501.12	17.953
501.32	17.954
501.53	17.959
501.73	17.970
501.93	17.969
502.13	17.968
502.33	17.972
502.53	17.974
502.73	17.976
502.93	17.980
503.14	17.989
503.34	17.993
503.54	17.998
503.74	17.997
503.94	17.997
504.14	17.994
504.34	17.992
504.54	17.991
504.74	17.993
504.95	17.995
505.15	17.996
505.35	18.000
505.55	18.000
505.75	17.995
505.95	17.990
506.15	17.994
506.35	17.996
506.55	18.000
506.75	18.005
506.95	18.004
507.16	18.010
507.36	18.003
507.56	18.004
507.76	18.010
507.96	18.020
508.16	18.026
508.36	18.032
508.56	18.037
508.76	18.044
508.96	18.049
509.16	18.055
509.36	18.057
509.57	18.070
509.77	18.080
509.97	18.083
510.17	18.085
510.37	18.095
510.57	18.102
510.77	18.109
510.97	18.116
511.17	18.122
511.37	18.125
511.57	18.135
511.77	18.141
511.97	18.143
512.17	18.140
512.37	18.148
512.57	18.150
512.78	18.155
512.98	18.159
513.18	18.157
513.38	18.153
513.58	18.152
513.78	18.151
513.98	18.144
514.18	18.143
514.38	18.150
514.58	18.141
514.78	18.149
514.98	18.155
515.18	18.159
515.38	18.168
515.58	18.172
515.78	18.180
515.98	18.185
516.18	18.194
516.38	18.212
516.58	18.220
516.78	18.232
516.98	18.237
517.18	18.249
517.38	18.265
517.58	18.278
517.78	18.288
517.98	18.297
518.18	18.314
518.38	18.328
518.58	18.333
518.78	18.349
518.98	18.353
519.18	18.357
519.38	18.362
519.58	18.368
519.78	18.372
519.98	18.365
520.18	18.362
520.38	18.362
520.58	18.356
520.78	18.354
520.98	18.353
521.18	18.355
521.38	18.351
521.58	18.348
521.78	18.350
521.98	18.353
522.18	18.345
522.38	18.344
522.58	18.338
522.78	18.339
522.98	18.337
523.18	18.335
523.38	18.334
523.58	18.336
523.78	18.340
523.98	18.346
524.18	18.363
524.38	18.376
524.58	18.392
524.78	18.407
524.98	18.428
525.18	18.452
525.38	18.477
525.58	18.502
525.78	18.525
525.98	18.551
526.18	18.573
526.38	18.600
526.58	18.627
526.78	18.652
526.98	18.679
527.17	18.705
527.37	18.731
527.57	18.757
527.77	18.779
527.97	18.800
528.17	18.816
528.37	18.828
528.57	18.841
528.77	18.847
528.97	18.854
529.17	18.853
529.37	18.849
529.57	18.843
529.77	18.841
529.97	18.838
530.17	18.832
530.36	18.829
530.56	18.826
530.76	18.815
530.96	18.806
531.16	18.801
531.36	18.796
531.56	18.788
531.76	18.781
531.96	18.777
532.16	18.777
532.36	18.781
532.56	18.792
532.76	18.798
532.95	18.812
533.15	18.824
533.35	18.840
533.55	18.852
533.75	18.865
533.95	18.879
534.15	18.892
534.35	18.900
534.55	18.909
534.75	18.918
534.94	18.932
535.14	18.948
535.34	18.955
535.54	18.962
535.74	18.969
535.94	18.978
536.14	18.984
536.34	18.986
536.54	18.990
536.73	18.991
536.93	18.999
537.13	19.008
537.33	19.020
537.53	19.029
537.73	19.046
537.93	19.065
538.13	19.082
538.32	19.100
538.52	19.130
538.72	19.158
538.92	19.182
539.12	19.209
539.32	19.238
539.52	19.265
539.72	19.289
539.91	19.319
540.11	19.354
540.31	19.387
540.51	19.420
540.71	19.454
540.91	19.480
541.11	19.505
541.30	19.530
541.50	19.551
541.70	19.573
541.90	19.597
542.10	19.620
542.30	19.635
542.49	19.652
542.69	19.663
542.89	19.677
543.09	19.692
543.29	19.706
543.49	19.716
543.68	19.728
543.88	19.741
544.08	19.751
544.28	19.757
544.48	19.766
544.68	19.779
544.87	19.791
545.07	19.808
545.27	19.831
545.47	19.850
545.67	19.875
545.87	19.898
546.06	19.923
546.26	19.945
546.46	19.975
546.66	20.001
546.86	20.035
547.05	20.061
547.25	20.094
547.45	20.124
547.65	20.158
547.85	20.186
548.04	20.224
548.24	20.256
548.44	20.296
548.64	20.342
548.84	20.379
549.03	20.410
549.23	20.447
549.43	20.482
549.63	20.525
549.83	20.564
550.02	20.605
550.22	20.645
550.42	20.687
550.62	20.720
550.82	20.757
551.01	20.801
551.21	20.852
551.41	20.892
551.61	20.937
551.80	20.983
552.00	21.037
552.20	21.084
552.40	21.135
552.60	21.174
552.79	21.212
552.99	21.255
553.19	21.306
553.39	21.357
553.58	21.401
553.78	21.437
553.98	21.486
554.18	21.533
554.37	21.577
554.57	21.622
554.77	21.680
554.97	21.734
555.16	21.783
555.36	21.823
555.56	21.868
555.76	21.914
555.95	21.957
556.15	22.001
556.35	22.048
556.55	22.105
556.74	22.164
556.94	22.213
557.14	22.262
557.34	22.322
557.53	22.367
557.73	22.417
557.93	22.473
558.13	22.530
558.32	22.576
558.52	22.625
558.72	22.676
558.92	22.726
559.11	22.786
559.31	22.837
559.51	22.899
559.70	22.961
559.90	23.018
560.10	23.074
560.30	23.128
560.49	23.183
560.69	23.241
560.89	23.279
561.08	23.328
561.28	23.394
561.48	23.440
561.68	23.507
561.87	23.567
562.07	23.642
562.27	23.688
562.46	23.751
562.66	23.826
562.86	23.881
563.05	23.944
563.25	24.005
563.45	24.064
563.65	24.122
563.84	24.181
564.04	24.240
564.24	24.305
564.43	24.370
564.63	24.436
564.83	24.494
565.02	24.561
565.22	24.633
565.42	24.701
565.61	24.770
565.81	24.827
566.01	24.889
566.20	24.931
566.40	24.991
566.60	25.056
566.79	25.110
566.99	25.177
567.19	25.238
567.38	25.296
567.58	25.362
567.78	25.419
567.97	25.484
568.17	25.550
568.37	25.605
568.56	25.664
568.76	25.726
568.96	25.790
569.15	25.862
569.35	25.924
569.55	25.986
569.74	26.044
569.94	26.112
570.14	26.177
570.33	26.246
570.53	26.325
570.73	26.381
570.92	26.448
571.12	26.515
571.31	26.581
571.51	26.643
571.71	26.702
571.90	26.764
572.10	26.825
572.30	26.888
572.49	26.962
572.69	27.029
572.88	27.089
573.08	27.144
573.28	27.204
573.47	27.265
573.67	27.312
573.87	27.376
574.06	27.436
574.26	27.498
574.45	27.557
574.65	27.612
574.85	27.676
575.04	27.741
575.24	27.801
575.44	27.862
575.63	27.922
575.83	27.980
576.02	28.047
576.22	28.110
576.42	28.169
576.61	28.228
576.81	28.291
577.00	28.361
577.20	28.437
577.40	28.494
577.59	28.558
577.79	28.619
577.98	28.685
578.18	28.747
578.37	28.808
578.57	28.883
578.77	28.949
578.96	29.018
579.16	29.079
579.35	29.157
579.55	29.231
579.75	29.303
579.94	29.373
580.14	29.446
580.33	29.513
580.53	29.600
580.72	29.675
580.92	29.751
581.12	29.818
581.31	29.892
581.51	29.965
581.70	30.031
581.90	30.109
582.09	30.175
582.29	30.241
582.48	30.309
582.68	30.371
582.88	30.439
583.07	30.506
583.27	30.569
583.46	30.611
583.66	30.664
583.85	30.719
584.05	30.793
584.24	30.851
584.44	30.910
584.63	30.952
584.83	30.994
585.03	31.046
585.22	31.096
585.42	31.132
585.61	31.185
585.81	31.243
586.00	31.309
586.20	31.362
586.39	31.417
586.59	31.468
586.78	31.518
586.98	31.564
587.17	31.613
587.37	31.666
587.56	31.727
587.76	31.784
587.95	31.840
588.15	31.880
588.34	31.927
588.54	31.977
588.74	32.024
588.93	32.072
589.13	32.124
589.32	32.166
589.52	32.227
589.71	32.283
589.91	32.337
590.10	32.379
590.30	32.433
590.49	32.479
590.69	32.528
590.88	32.577
591.08	32.624
591.27	32.673
591.47	32.714
591.66	32.766
591.85	32.813
592.05	32.849
592.24	32.891
592.44	32.927
592.63	32.965
592.83	32.999
593.02	33.048
593.22	33.090
593.41	33.141
593.61	33.178
593.80	33.223
594.00	33.252
594.19	33.295
594.39	33.331
594.58	33.377
594.78	33.423
594.97	33.472
595.17	33.517
595.36	33.563
595.56	33.600
595.75	33.639
595.94	33.686
596.14	33.733
596.33	33.789
596.53	33.843
596.72	33.886
596.92	33.941
597.11	33.988
597.31	34.039
597.50	34.076
597.69	34.117
597.89	34.153
598.08	34.201
598.28	34.246
598.47	34.297
598.67	34.327
598.86	34.361
599.06	34.399
599.25	34.449
599.44	34.487
599.64	34.537
599.83	34.570
600.03	34.593
600.22	34.635
600.42	34.652
600.61	34.693
600.80	34.739
601.00	34.775
601.19	34.816
601.39	34.842
601.58	34.877
601.78	34.919
601.97	34.960
602.16	35.004
602.36	35.042
602.55	35.081
602.75	35.117
602.94	35.155
603.13	35.204
603.33	35.239
603.52	35.276
603.72	35.317
603.91	35.366
604.10	35.413
604.30	35.464
604.49	35.521
604.69	35.553
604.88	35.586
605.07	35.629
605.27	35.665
605.46	35.711
605.66	35.754
605.85	35.795
606.04	35.830
606.24	35.871
606.43	35.907
606.62	35.943
606.82	36.000
607.01	36.042
607.21	36.074
607.40	36.109
607.59	36.147
607.79	36.185
607.98	36.218
608.17	36.275
608.37	36.314
608.56	36.357
608.76	36.409
608.95	36.476
609.14	36.528
609.34	36.578
609.53	36.630
609.72	36.702
609.92	36.756
610.11	36.821
610.30	36.877
610.50	36.944
610.69	37.023
610.88	37.078
611.08	37.158
611.27	37.220
611.46	37.280
611.66	37.354
611.85	37.437
612.04	37.518
612.24	37.567
612.43	37.637
612.62	37.701
612.82	37.768
613.01	37.830
613.20	37.888
613.40	37.957
613.59	38.018
613.78	38.080
613.98	38.150
614.17	38.214
614.36	38.287
614.56	38.348
614.75	38.377
614.94	38.435
615.14	38.493
615.33	38.554
615.52	38.619
615.72	38.671
615.91	38.725
616.10	38.773
616.30	38.835
616.49	38.884
616.68	38.929
616.88	38.985
617.07	39.031
617.26	39.095
617.45	39.151
617.65	39.202
617.84	39.247
618.03	39.296
618.23	39.344
618.42	39.398
618.61	39.429
618.80	39.489
619.00	39.536
619.19	39.568
619.38	39.622
619.58	39.666
619.77	39.713
619.96	39.753
620.15	39.793
620.35	39.835
620.54	39.867
620.73	39.907
620.93	39.930
621.12	39.954
621.31	39.984
621.50	40.014
621.70	40.031
621.89	40.046
622.08	40.056
622.27	40.060
622.47	40.052
622.66	40.069
622.85	40.076
623.04	40.082
623.24	40.081
623.43	40.063
623.62	40.052
623.81	40.049
624.01	40.032
624.20	40.013
624.39	39.999
624.58	39.989
624.78	39.990
624.97	39.991
625.16	39.995
625.35	39.980
625.55	39.978
625.74	39.973
625.93	39.983
626.12	39.998
626.32	40.015
626.51	40.028
626.70	40.044
626.89	40.064
627.09	40.085
627.28	40.122
627.47	40.160
627.66	40.194
627.85	40.224
628.05	40.282
628.24	40.340
628.43	40.395
628.62	40.452
628.82	40.503
629.01	40.556
629.20	40.608
629.39	40.671
629.58	40.729
629.78	40.806
629.97	40.857
630.16	40.907
630.35	40.955
630.54	41.017
630.74	41.064
630.93	41.113
631.12	41.167
631.31	41.221
631.50	41.274
631.70	41.331
631.89	41.379
632.08	41.418
632.27	41.463
632.46	41.507
632.65	41.560
632.85	41.608
633.04	41.652
633.23	41.693
633.42	41.741
633.61	41.782
633.81	41.818
634.00	41.867
634.19	41.927
634.38	41.997
634.57	42.042
634.76	42.097
634.96	42.160
635.15	42.217
635.34	42.267
635.53	42.312
635.72	42.364
635.91	42.428
636.11	42.510
636.30	42.585
636.49	42.644
636.68	42.692
636.87	42.752
637.06	42.827
637.26	42.911
637.45	42.968
637.64	43.040
637.83	43.120
638.02	43.186
638.21	43.261
638.40	43.324
638.60	43.401
638.79	43.483
638.98	43.535
639.17	43.605
639.36	43.673
639.55	43.746
639.74	43.829
639.93	43.887
640.13	43.918
640.32	43.966
640.51	44.027
640.70	44.098
640.89	44.171
641.08	44.225
641.27	44.256
641.46	44.310
641.66	44.358
641.85	44.393
642.04	44.448
642.23	44.496
642.42	44.531
642.61	44.575
642.80	44.609
642.99	44.655
643.18	44.686
643.38	44.709
643.57	44.742
643.76	44.760
643.95	44.797
644.14	44.815
644.33	44.844
644.52	44.866
644.71	44.869
644.90	44.891
645.09	44.899
645.29	44.926
645.48	44.945
645.67	44.952
645.86	44.962
646.05	44.957
646.24	44.946
646.43	44.957
646.62	44.958
646.81	44.964
647.00	44.974
647.19	44.983
647.38	44.988
647.57	44.988
647.77	44.986
647.96	44.997
648.15	45.001
648.34	44.989
648.53	44.985
648.72	45.017
648.91	44.998
649.10	44.998
649.29	45.011
649.48	45.032
649.67	45.050
649.86	45.056
650.05	45.060
650.24	45.065
650.43	45.078
650.62	45.090
650.81	45.117
651.01	45.130
651.20	45.141
651.39	45.160
651.58	45.179
651.77	45.203
651.96	45.214
652.15	45.233
652.34	45.256
652.53	45.293
652.72	45.296
652.91	45.319
653.10	45.343
653.29	45.347
653.48	45.343
653.67	45.360
653.86	45.375
654.05	45.380
654.24	45.370
654.43	45.348
654.62	45.322
654.81	45.284
655.00	45.249
655.19	45.208
655.38	45.167
655.57	45.109
655.76	45.055
655.95	45.008
656.14	44.971
656.33	44.931
656.52	44.856
656.71	44.794
656.90	44.734
657.09	44.694
657.28	44.665
657.47	44.610
657.66	44.560
657.85	44.520
658.04	44.509
658.23	44.493
658.42	44.498
658.61	44.524
658.80	44.545
658.99	44.572
659.18	44.612
659.37	44.657
659.56	44.722
659.75	44.789
659.94	44.847
660.13	44.920
660.32	45.000
660.51	45.085
660.70	45.195
660.89	45.298
661.08	45.404
661.27	45.489
661.46	45.622
661.65	45.737
661.84	45.865
662.03	45.974
662.22	46.124
662.41	46.256
662.60	46.347
662.78	46.470
662.97	46.600
663.16	46.712
663.35	46.835
663.54	46.938
663.73	47.042
663.92	47.160
664.11	47.251
664.30	47.326
664.49	47.426
664.68	47.502
664.87	47.574
665.06	47.627
665.25	47.698
665.44	47.741
665.63	47.799
665.82	47.847
666.01	47.900
666.19	47.923
666.38	47.930
666.57	47.957
666.76	47.975
666.95	47.985
667.14	47.995
667.33	47.987
667.52	47.991
667.71	48.007
667.90	48.005
668.09	48.019
668.28	48.032
668.46	48.033
668.65	48.056
668.84	48.071
669.03	48.101
669.22	48.129
669.41	48.144
669.60	48.167
669.79	48.200
669.98	48.217
670.17	48.254
670.35	48.289
670.54	48.323
670.73	48.364
670.92	48.395
671.11	48.425
671.30	48.488
671.49	48.543
671.68	48.594
671.87	48.643
672.05	48.688
672.24	48.726
672.43	48.770
672.62	48.804
672.81	48.861
673.00	48.880
673.19	48.919
673.38	48.967
673.57	49.000
673.75	49.023
673.94	49.069
674.13	49.100
674.32	49.152
674.51	49.188
674.70	49.202
674.89	49.197
675.07	49.199
675.26	49.199
675.45	49.188
675.64	49.154
675.83	49.114
676.02	49.044
676.21	49.013
676.39	48.986
676.58	48.936
676.77	48.841
676.96	48.765
677.15	48.684
677.34	48.593
677.52	48.498
677.71	48.402
677.90	48.305
678.09	48.212
678.28	48.117
678.47	48.021
678.65	47.938
678.84	47.872
679.03	47.814
679.22	47.749
679.41	47.691
679.60	47.617
679.78	47.584
679.97	47.576
680.16	47.540
680.35	47.542
680.54	47.525
680.73	47.553
680.91	47.586
681.10	47.609
681.29	47.649
681.48	47.699
681.67	47.753
681.85	47.791
682.04	47.847
682.23	47.891
682.42	47.964
682.61	48.033
682.79	48.081
682.98	48.141
683.17	48.171
683.36	48.208
683.55	48.275
683.73	48.304
683.92	48.323
684.11	48.354
684.30	48.338
684.49	48.341
684.67	48.333
684.86	48.323
685.05	48.296
685.24	48.305
685.42	48.270
685.61	48.240
685.80	48.224
685.99	48.195
686.18	48.167
686.36	48.127
686.55	48.098
686.74	48.087
686.93	48.059
687.11	48.048
687.30	48.054
687.49	48.081
687.68	48.126
687.86	48.161
688.05	48.210
688.24	48.258
688.43	48.315
688.61	48.363
688.80	48.416
688.99	48.502
689.18	48.547
689.36	48.639
689.55	48.719
689.74	48.811
689.93	48.898
690.11	49.011
690.30	49.120
690.49	49.211
690.68	49.332
690.86	49.463
691.05	49.600
691.24	49.720
691.43	49.825
691.61	49.930
691.80	50.034
691.99	50.142
692.17	50.241
692.36	50.351
692.55	50.460
692.74	50.572
692.92	50.675
693.11	50.763
693.30	50.819
693.49	50.904
693.67	50.959
693.86	50.986
694.05	50.985
694.23	50.995
694.42	50.983
694.61	50.926
694.79	50.851
694.98	50.728
695.17	50.611
695.36	50.496
695.54	50.321
695.73	50.177
695.92	50.016
696.10	49.846
696.29	49.667
696.48	49.508
696.66	49.327
696.85	49.160
697.04	49.017
697.22	48.872
697.41	48.720
697.60	48.575
697.79	48.460
697.97	48.358
698.16	48.269
698.35	48.209
698.53	48.180
698.72	48.164
698.91	48.175
699.09	48.205
699.28	48.242
699.47	48.326
699.65	48.415
699.84	48.533
700.03	48.674
700.21	48.809
700.40	48.994
700.59	49.195
700.77	49.399
700.96	49.616
701.15	49.858
701.33	50.116
701.52	50.401
701.70	50.716
701.89	51.022
702.08	51.303
702.26	51.605
702.45	51.918
702.64	52.210
702.82	52.511
703.01	52.810
703.20	53.086
703.38	53.345
703.57	53.593
703.76	53.826
703.94	54.077
704.13	54.301
704.31	54.477
704.50	54.666
704.69	54.829
704.87	54.988
705.06	55.132
705.25	55.265
705.43	55.383
705.62	55.440
705.80	55.513
705.99	55.599
706.18	55.646
706.36	55.647
706.55	55.705
706.73	55.748
706.92	55.772
707.11	55.769
707.29	55.782
707.48	55.772
707.66	55.743
707.85	55.702
708.04	55.699
708.22	55.691
708.41	55.632
708.59	55.576
708.78	55.545
708.97	55.505
709.15	55.443
709.34	55.407
709.52	55.369
709.71	55.342
709.90	55.308
710.08	55.273
710.27	55.273
710.45	55.265
710.64	55.186
710.82	55.129
711.01	55.104
711.20	55.069
711.38	55.077
711.57	55.047
711.75	55.016
711.94	54.983
712.12	54.922
712.31	54.899
712.50	54.861
712.68	54.808
712.87	54.769
713.05	54.772
713.24	54.717
713.42	54.674
713.61	54.595
713.79	54.549
713.98	54.468
714.17	54.382
714.35	54.264
714.54	54.243
714.72	54.168
714.91	54.083
715.09	54.007
715.28	53.895
715.46	53.823
715.65	53.740
715.83	53.664
716.02	53.586
716.21	53.531
716.39	53.488
716.58	53.443
716.76	53.406
716.95	53.357
717.13	53.346
717.32	53.353
717.50	53.394
717.69	53.397
717.87	53.476
718.06	53.550
718.24	53.652
718.43	53.758
718.61	53.858
718.80	53.999
718.98	54.169
719.17	54.330
719.35	54.475
719.54	54.676
719.72	54.869
719.91	55.112
720.09	55.334
720.28	55.536
720.46	55.751
720.65	55.945
720.83	56.123
721.02	56.293
721.20	56.471
721.39	56.629
721.57	56.811
721.76	56.938
721.94	57.064
722.13	57.153
722.31	57.206
722.50	57.312
722.68	57.373
722.87	57.398
723.05	57.459
723.24	57.548
723.42	57.569
723.61	57.592
723.79	57.566
723.98	57.549
724.16	57.558
724.34	57.510
724.53	57.511
724.71	57.477
724.90	57.453
725.08	57.385
725.27	57.330
725.45	57.237
725.64	57.175
725.82	57.120
726.01	57.070
726.19	56.997
726.38	56.924
726.56	56.881
726.74	56.835
726.93	56.752
727.11	56.642
727.30	56.563
727.48	56.492
727.67	56.434
727.85	56.363
728.04	56.302
728.22	56.253
728.40	56.197
728.59	56.173
728.77	56.136
728.96	56.140
729.14	56.114
729.33	56.132
729.51	56.126
729.69	56.138
729.88	56.147
730.06	56.153
730.25	56.165
730.43	56.160
730.61	56.169
730.80	56.227
730.98	56.299
731.17	56.377
731.35	56.446
731.54	56.515
731.72	56.609
731.90	56.716
732.09	56.862
732.27	56.970
732.46	57.077
732.64	57.213
732.82	57.326
733.01	57.493
733.19	57.664
733.38	57.827
733.56	57.995
733.74	58.139
733.93	58.374
734.11	58.600
734.29	58.818
734.48	59.010
734.66	59.194
734.85	59.382
735.03	59.559
735.21	59.750
735.40	59.954
735.58	60.123
735.77	60.279
735.95	60.415
736.13	60.581
736.32	60.748
736.50	60.868
736.68	61.013
736.87	61.154
737.05	61.224
737.23	61.318
737.42	61.385
737.60	61.483
737.79	61.550
737.97	61.633
738.15	61.691
738.34	61.815
738.52	61.888
738.70	61.955
738.89	62.034
739.07	62.102
739.25	62.163
739.44	62.251
739.62	62.370
739.80	62.461
739.99	62.575
740.17	62.675
740.35	62.789
740.54	62.921
740.72	63.025
740.90	63.193
741.09	63.370
741.27	63.546
741.45	63.737
741.64	63.910
741.82	64.033
742.00	64.229
742.19	64.402
742.37	64.600
742.55	64.805
742.74	64.997
742.92	65.183
743.10	65.362
743.29	65.530
743.47	65.688
743.65	65.858
743.83	66.017
744.02	66.173
744.20	66.334
744.38	66.457
744.57	66.573
744.75	66.683
744.93	66.806
745.12	66.893
745.30	66.999
745.48	67.046
745.66	67.132
745.85	67.182
746.03	67.210
746.21	67.250
746.40	67.273
746.58	67.228
746.76	67.244
746.94	67.267
747.13	67.237
747.31	67.175
747.49	67.155
747.68	67.125
747.86	67.102
748.04	67.070
748.22	67.044
748.41	67.030
748.59	66.988
748.77	66.882
748.95	66.810
749.14	66.753
749.32	66.705
749.50	66.685
749.68	66.641
749.87	66.606
750.05	66.566
750.23	66.537
750.42	66.572
750.60	66.546
750.78	66.544
750.96	66.567
751.15	66.572
751.33	66.563
751.51	66.547
751.69	66.530
751.87	66.528
752.06	66.474
752.24	66.419
752.42	66.418
752.60	66.453
752.79	66.457
752.97	66.527
753.15	66.576
753.33	66.602
753.52	66.605
753.70	66.590
753.88	66.587
754.06	66.584
754.24	66.579
754.43	66.586
754.61	66.547
754.79	66.559
754.97	66.562
755.16	66.536
755.34	66.489
755.52	66.400
755.70	66.287
755.88	66.160
756.07	66.022
756.25	65.764
756.43	65.525
756.61	65.235
756.79	64.808
756.98	64.345
757.16	63.860
757.34	63.362
757.52	62.841
757.70	62.258
757.89	61.628
758.07	60.974
758.25	60.279
758.43	59.570
758.61	58.835
758.80	58.100
758.98	57.352
759.16	56.547
759.34	55.773
759.52	55.006
759.70	54.263
759.89	53.503
760.07	52.844
760.25	52.162
760.43	51.534
760.61	50.946
760.79	50.436
760.98	49.963
761.16	49.550
761.34	49.181
761.52	48.860
761.70	48.579
761.88	48.313
762.07	48.125
762.25	47.955
762.43	47.823
762.61	47.731
762.79	47.673
762.97	47.705
763.15	47.733
763.34	47.803
763.52	47.929
763.70	48.091
763.88	48.275
764.06	48.495
764.24	48.776
764.42	49.088
764.61	49.403
764.79	49.748
764.97	50.133
765.15	50.538
765.33	50.990
765.51	51.468
765.69	52.004
765.87	52.547
766.06	53.136
766.24	53.775
766.42	54.445
766.60	55.126
766.78	55.836
766.96	56.570
767.14	57.338
767.32	58.129
767.50	58.943
767.69	59.741
767.87	60.556
768.05	61.345
768.23	62.088
768.41	62.876
768.59	63.630
768.77	64.316
768.95	64.988
769.13	65.645
769.32	66.273
769.50	66.876
769.68	67.464
769.86	67.995
770.04	68.480
770.22	68.968
770.40	69.456
770.58	69.892
770.76	70.309
770.94	70.703
771.12	71.044
771.30	71.344
771.49	71.662
771.67	71.934
771.85	72.191
772.03	72.460
772.21	72.684
772.39	72.861
772.57	73.064
772.75	73.331
772.93	73.533
773.11	73.737
773.29	73.915
773.47	74.076
773.65	74.263
773.83	74.422
774.01	74.522
774.19	74.675
774.38	74.763
774.56	74.871
774.74	74.970
774.92	75.065
775.10	75.188
775.28	75.286
775.46	75.368
775.64	75.412
775.82	75.464
776.00	75.518
776.18	75.573
776.36	75.631
776.54	75.605
776.72	75.548
776.90	75.556
777.08	75.542
777.26	75.505
777.44	75.517
777.62	75.472
777.80	75.471
777.98	75.419
778.16	75.374
778.34	75.298
778.52	75.242
778.70	75.261
778.88	75.189
779.06	75.129
779.24	75.098
779.42	75.064
779.60	75.057
779.78	75.055
779.96	75.087
780.14	75.101
780.32	75.100
780.50	75.198
780.68	75.287
780.86	75.310
781.04	75.411
781.22	75.473
781.40	75.546
781.58	75.597
781.76	75.633
781.94	75.743
782.12	75.885
782.30	75.968
782.48	75.990
782.66	76.102
782.84	76.166
783.02	76.235
783.20	76.356
783.38	76.397
783.56	76.517
783.74	76.572
783.92	76.597
784.10	76.683
784.28	76.724
784.46	76.606
784.64	76.548
784.82	76.446
785.00	76.310
785.18	76.129
785.36	75.978
785.54	75.794
785.72	75.662
785.90	75.423
786.08	75.233
786.26	75.007
786.43	74.736
786.61	74.442
786.79	74.111
786.97	73.783
787.15	73.481
787.33	73.101
787.51	72.744
787.69	72.444
787.87	72.082
788.05	71.717
788.23	71.465
788.41	71.200
788.59	70.913
788.77	70.669
788.95	70.564
789.13	70.440
789.30	70.289
789.48	70.075
789.66	70.029
789.84	69.961
790.02	69.891
790.20	69.882
790.38	69.928
790.56	70.022
790.74	70.152
790.92	70.207
791.10	70.335
791.28	70.495
791.45	70.611
791.63	70.800
791.81	70.956
791.99	71.141
792.17	71.345
792.35	71.545
792.53	71.745
792.71	71.825
792.89	71.907
793.07	72.049
793.24	72.149
793.42	72.172
793.60	72.206
793.78	72.204
793.96	72.127
794.14	72.064
794.32	71.992
794.50	71.840
794.67	71.709
794.85	71.537
795.03	71.365
795.21	71.271
795.39	71.067
795.57	70.907
795.75	70.648
795.93	70.430
796.10	70.222
796.28	69.993
796.46	69.840
796.64	69.628
796.82	69.472
797.00	69.367
797.18	69.234
797.35	69.171
797.53	69.118
797.71	69.105
797.89	69.045
798.07	68.974
798.25	68.899
798.43	68.876
798.60	68.863
798.78	68.905
798.96	68.875
799.14	68.896
799.32	68.964
799.50	69.039
799.67	69.087
799.85	69.233
800.03	69.411
800.21	69.504
800.39	69.694
800.57	69.753
800.74	69.848
800.92	69.942
801.10	70.010
801.28	70.078
801.46	70.192
801.64	70.251
801.81	70.310
801.99	70.414
802.17	70.552
802.35	70.654
802.53	70.672
802.70	70.815
802.88	70.898
803.06	70.962
803.24	70.996
803.42	71.009
803.59	70.991
803.77	70.885
803.95	70.854
804.13	70.820
804.31	70.862
804.48	70.814
804.66	70.845
804.84	70.825
805.02	70.835
805.20	70.699
805.37	70.659
805.55	70.617
805.73	70.599
805.91	70.578
806.08	70.504
806.26	70.489
806.44	70.325
806.62	70.326
806.80	70.247
806.97	70.268
807.15	70.298
807.33	70.265
807.51	70.268
807.68	70.252
807.86	70.228
808.04	70.215
808.22	70.306
808.39	70.271
808.57	70.292
808.75	70.285
808.93	70.376
809.10	70.483
809.28	70.537
809.46	70.634
809.64	70.609
809.81	70.624
809.99	70.712
810.17	70.759
810.35	70.831
810.52	70.837
810.70	70.863
810.88	70.839
811.06	70.833
811.23	70.912
811.41	70.884
811.59	70.828
811.77	70.814
811.94	70.678
812.12	70.627
812.30	70.507
812.47	70.395
812.65	70.265
812.83	70.078
813.01	69.893
813.18	69.651
813.36	69.488
813.54	69.272
813.71	69.061
813.89	68.902
814.07	68.568
814.25	68.304
814.42	68.055
814.60	67.829
814.78	67.536
814.95	67.255
815.13	66.951
815.31	66.697
815.49	66.461
815.66	66.229
815.84	65.992
816.02	65.706
816.19	65.409
816.37	65.124
816.55	64.851
816.72	64.648
816.90	64.323
817.08	64.005
817.25	63.701
817.43	63.295
817.61	62.868
817.78	62.445
817.96	61.986
818.14	61.481
818.31	60.944
818.49	60.418
818.67	59.776
818.84	59.058
819.02	58.169
819.20	57.052
819.37	55.876
819.55	54.719
819.73	53.502
819.90	52.359
820.08	51.186
820.26	50.101
820.43	49.091
820.61	48.129
820.79	47.288
820.96	46.507
821.14	45.782
821.32	45.162
821.49	44.573
821.67	44.057
821.85	43.598
822.02	43.198
822.20	42.807
822.37	42.467
822.55	42.155
822.73	41.858
822.90	41.620
823.08	41.408
823.26	41.231
823.43	41.079
823.61	40.978
823.78	40.927
823.96	40.895
824.14	40.875
824.31	40.933
824.49	40.993
824.67	41.083
824.84	41.201
825.02	41.306
825.19	41.445
825.37	41.604
825.55	41.766
825.72	41.943
825.90	42.137
826.07	42.330
826.25	42.558
826.43	42.813
826.60	43.061
826.78	43.327
826.95	43.618
827.13	43.886
827.31	44.116
827.48	44.351
827.66	44.552
827.83	44.746
828.01	44.934
828.19	45.074
828.36	45.219
828.54	45.361
828.71	45.559
828.89	45.752
829.06	45.989
829.24	46.238
829.42	46.523
829.59	46.838
829.77	47.194
829.94	47.589
830.12	47.996
830.29	48.488
830.47	48.967
830.65	49.359
830.82	49.827
831.00	50.265
831.17	50.665
831.35	51.079
831.52	51.513
831.70	51.797
831.87	52.110
832.05	52.294
832.23	52.455
832.40	52.510
832.58	52.472
832.75	52.350
832.93	52.156
833.10	51.889
833.28	51.621
833.45	51.280
833.63	50.967
833.80	50.669
833.98	50.326
834.15	50.057
834.33	49.824
834.51	49.655
834.68	49.523
834.86	49.412
835.03	49.378
835.21	49.384
835.38	49.453
835.56	49.566
835.73	49.771
835.91	50.022
836.08	50.258
836.26	50.604
836.43	50.958
836.61	51.378
836.78	51.875
836.96	52.406
837.13	53.029
837.31	53.643
837.48	54.300
837.66	54.993
837.83	55.716
838.01	56.570
838.18	57.439
838.36	58.310
838.53	59.266
838.71	60.263
838.88	61.152
839.06	61.945
839.23	62.734
839.41	63.397
839.58	63.926
839.76	64.459
839.93	64.872
840.11	65.212
840.28	65.487
840.46	65.582
840.63	65.731
840.81	65.911
840.98	66.055
841.15	66.280
841.33	66.531
841.50	66.800
841.68	66.988
841.85	67.274
842.03	67.593
842.20	68.009
842.38	68.335
842.55	68.829
842.73	69.365
842.90	69.918
843.08	70.498
843.25	71.101
843.42	71.714
843.60	72.454
843.77	73.184
843.95	74.099
844.12	75.075
844.30	75.990
844.47	76.827
844.64	77.859
844.82	78.853
844.99	79.824
845.17	80.863
845.34	81.726
845.52	82.608
845.69	83.532
845.87	84.131
846.04	84.771
846.21	85.128
846.39	85.703
846.56	86.196
846.74	86.492
846.91	86.915
847.08	87.212
847.26	87.484
847.43	87.737
847.61	87.843
847.78	88.006
847.95	88.203
848.13	88.535
848.30	88.536
848.48	88.497
848.65	88.795
848.83	88.880
849.00	89.169
849.17	89.067
849.35	89.134
849.52	89.311
849.69	89.337
849.87	89.581
850.04	89.563
850.22	89.620
850.39	89.890
850.56	89.940
850.74	90.032
850.91	89.906
851.09	89.973
851.26	89.905
851.43	89.980
851.61	89.835
851.78	89.612
851.95	89.576
852.13	89.684
852.30	89.289
852.48	89.060
852.65	88.816
852.82	88.757
853.00	88.412
853.17	88.281
853.34	88.261
853.52	88.205
853.69	88.036
853.86	87.807
854.04	87.680
854.21	87.418
854.38	87.250
854.56	87.349
854.73	87.466
854.90	87.481
855.08	87.421
855.25	87.617
855.42	87.769
855.60	87.745
855.77	87.789
855.95	87.992
856.12	88.010
856.29	88.196
856.46	88.371
856.64	88.552
856.81	88.534
856.98	88.564
857.16	88.424
857.33	88.566
857.50	88.689
857.68	88.693
857.85	88.872
858.02	88.977
858.20	89.160
858.37	88.985
858.54	88.905
858.72	89.015
858.89	88.827
859.06	88.714
859.24	88.705
859.41	88.662
859.58	88.713
859.75	88.570
859.93	88.556
860.10	88.428
860.27	88.371
860.45	88.191
860.62	88.198
860.79	88.000
860.97	87.921
861.14	87.790
861.31	87.746
861.48	87.470
861.66	87.385
861.83	87.046
862.00	86.848
862.17	86.922
862.35	86.644
862.52	86.536
862.69	86.250
862.87	86.166
863.04	85.857
863.21	85.417
863.38	85.417
863.56	84.995
863.73	84.875
863.90	84.520
864.07	84.490
864.25	84.316
864.42	84.190
864.59	84.089
864.76	83.687
864.94	83.428
865.11	83.402
865.28	83.274
865.45	82.854
865.63	82.784
865.80	82.584
865.97	82.389
866.14	82.216
866.32	82.039
866.49	81.640
866.66	81.543
866.83	81.486
867.01	81.269
867.18	81.340
867.35	81.109
867.52	81.165
867.70	81.064
867.87	80.831
868.04	81.028
868.21	80.713
868.38	80.976
868.56	80.673
868.73	80.571
868.90	80.387
869.07	80.728
869.24	80.638
869.42	80.490
869.59	80.355
869.76	80.394
869.93	80.437
870.11	80.471
870.28	80.103
870.45	79.855
870.62	79.548
870.79	79.306
870.97	79.049
871.14	78.883
871.31	78.564
871.48	78.284
871.65	78.057
871.82	77.892
872.00	77.641
872.17	77.445
872.34	77.237
872.51	77.103
872.68	76.727
872.86	76.474
873.03	76.276
873.20	75.931
873.37	75.713
873.54	75.340
873.71	75.108
873.89	74.978
874.06	74.853
874.23	74.796
874.40	74.513
874.57	74.321
874.74	74.229
874.92	74.063
875.09	74.018
875.26	73.769
875.43	73.538
875.60	73.245
875.77	73.263
875.95	73.032
876.12	72.683
876.29	72.486
876.46	72.132
876.63	71.924
876.80	71.638
876.97	71.186
877.15	70.917
877.32	70.473
877.49	70.010
877.66	69.383
877.83	68.770
878.00	68.270
878.17	67.346
878.34	66.152
878.52	64.849
878.69	63.308
878.86	61.683
879.03	59.996
879.20	58.283
879.37	56.607
879.54	55.009
879.71	53.568
879.89	52.203
880.06	51.045
880.23	49.839
880.40	48.835
880.57	47.912
880.74	47.123
880.91	46.402
881.08	45.667
881.25	45.069
881.42	44.524
881.60	43.973
881.77	43.570
881.94	43.151
882.11	42.812
882.28	42.531
882.45	42.278
882.62	42.020
882.79	41.812
882.96	41.632
883.13	41.491
883.30	41.408
883.48	41.310
883.65	41.238
883.82	41.212
883.99	41.225
884.16	41.255
884.33	41.307
884.50	41.409
884.67	41.580
884.84	41.781
885.01	41.962
885.18	42.183
885.35	42.431
885.52	42.779
885.69	43.138
885.87	43.536
886.04	43.918
886.21	44.498
886.38	45.074
886.55	45.687
886.72	46.422
886.89	47.135
887.06	47.962
887.23	48.807
887.40	49.694
887.57	50.664
887.74	51.671
887.91	52.595
888.08	53.530
888.25	54.535
888.42	55.331
888.59	56.188
888.76	57.020
888.93	57.700
889.10	58.371
889.27	59.094
889.44	59.699
889.61	60.275
889.78	60.797
889.95	61.322
890.12	61.839
890.29	62.190
890.46	62.722
890.63	63.296
890.80	63.813
890.97	64.280
891.15	64.478
891.32	64.694
891.49	65.074
891.66	65.131
891.83	65.234
892.00	65.345
892.17	67.515
892.34	69.311
892.51	68.177
892.68	65.826
892.84	64.835
893.01	65.445
893.18	67.697
893.35	63.444
893.52	66.229
893.69	64.453
