176.36	0.000
176.58	0.000
176.80	0.000
177.02	96.067
177.24	129.405
177.47	87.753
177.69	91.673
177.91	87.546
178.13	91.266
178.35	120.552
178.57	97.667
178.79	95.248
179.01	94.463
179.23	95.167
179.46	93.385
179.68	92.304
179.90	92.733
180.12	92.835
180.34	91.855
180.56	91.684
180.78	90.678
181.00	90.111
181.22	88.156
181.44	86.656
181.66	85.570
181.89	85.226
182.11	83.655
182.33	83.619
182.55	83.007
182.77	83.117
182.99	83.289
183.21	83.607
183.43	83.524
183.65	84.372
183.87	84.236
184.09	84.929
184.31	83.897
184.53	82.997
184.76	82.725
184.98	83.851
185.20	83.840
185.42	83.674
185.64	83.500
185.86	84.722
186.08	85.640
186.30	85.533
186.52	84.794
186.74	83.791
186.96	83.343
187.18	83.604
187.40	83.564
187.62	83.166
187.84	83.450
188.06	84.536
188.28	83.844
188.51	82.421
188.73	82.770
188.95	82.944
189.17	82.860
189.39	83.383
189.61	81.959
189.83	81.698
190.05	80.945
190.27	80.272
190.49	79.743
190.71	79.241
190.93	79.984
191.15	80.829
191.37	82.284
191.59	81.984
191.81	81.419
192.03	80.771
192.25	80.945
192.47	80.109
192.69	80.160
192.91	80.332
193.13	80.615
193.35	80.799
193.57	81.219
193.79	81.667
194.01	81.727
194.23	82.171
194.45	82.162
194.67	81.511
194.89	81.895
195.11	81.727
195.33	82.271
195.55	81.478
195.77	81.075
195.99	80.069
196.21	79.447
196.43	80.336
196.65	80.826
196.87	80.420
197.09	81.277
197.31	80.794
197.53	80.264
197.75	80.379
197.97	80.107
198.19	79.751
198.41	80.025
198.63	79.328
198.85	79.030
199.07	78.921
199.29	80.761
199.51	80.938
199.73	81.637
199.95	80.549
200.17	81.492
200.39	80.875
200.61	82.451
200.83	83.547
201.05	82.076
201.27	82.147
201.49	82.504
201.71	82.976
201.93	83.241
202.15	83.813
202.37	83.688
202.59	83.053
202.81	82.824
203.03	81.945
203.25	81.242
203.47	81.455
203.69	81.267
203.91	80.631
204.13	81.409
204.35	80.879
204.57	80.843
204.79	80.105
205.01	80.826
205.23	79.674
205.45	79.035
205.67	79.710
205.89	79.957
206.10	79.231
206.32	78.417
206.54	78.626
206.76	78.589
206.98	78.577
207.20	79.376
207.42	78.833
207.64	79.231
207.86	80.649
208.08	80.222
208.30	79.794
208.52	78.912
208.74	78.807
208.96	77.946
209.18	78.402
209.40	78.249
209.62	77.649
209.83	78.323
210.05	78.957
210.27	79.532
210.49	79.296
210.71	79.580
210.93	79.306
211.15	79.350
211.37	77.888
211.59	78.694
211.81	77.361
212.03	78.107
212.25	78.693
212.47	77.197
212.68	77.484
212.90	77.995
213.12	78.995
213.34	79.308
213.56	80.739
213.78	80.360
214.00	80.377
214.22	79.256
214.44	79.274
214.66	77.970
214.88	76.627
215.09	76.001
215.31	75.861
215.53	75.446
215.75	74.704
215.97	75.895
216.19	74.484
216.41	74.922
216.63	73.945
216.85	72.817
217.06	72.870
217.28	73.253
217.50	74.337
217.72	73.852
217.94	73.259
218.16	72.995
218.38	73.034
218.60	72.207
218.82	72.333
219.03	71.700
219.25	72.571
219.47	71.605
219.69	71.050
219.91	70.342
220.13	70.806
220.35	70.350
220.57	69.838
220.78	69.584
221.00	68.852
221.22	68.848
221.44	69.450
221.66	68.932
221.88	68.084
222.10	66.177
222.31	64.833
222.53	63.461
222.75	62.512
222.97	61.715
223.19	61.361
223.41	60.972
223.63	60.084
223.84	58.649
224.06	58.140
224.28	56.877
224.50	55.647
224.72	53.968
224.94	52.499
225.16	50.892
225.37	49.966
225.59	48.997
225.81	48.164
226.03	46.941
226.25	46.059
226.47	45.305
226.68	45.013
226.90	44.485
227.12	44.023
227.34	43.397
227.56	43.252
227.78	42.698
227.99	42.203
228.21	41.914
228.43	41.567
228.65	41.400
228.87	41.319
229.09	41.164
229.30	41.265
229.52	41.250
229.74	41.353
229.96	41.255
230.18	41.274
230.39	41.150
230.61	41.215
230.83	41.278
231.05	41.425
231.27	41.349
231.49	41.294
231.70	41.483
231.92	41.683
232.14	41.559
232.36	41.529
232.58	41.831
232.79	41.847
233.01	42.049
233.23	42.193
233.45	42.292
233.67	42.435
233.88	42.338
234.10	42.460
234.32	42.373
234.54	42.393
234.75	42.256
234.97	42.375
235.19	42.562
235.41	42.498
235.63	42.361
235.84	42.103
236.06	42.161
236.28	42.228
236.50	41.910
236.72	41.872
236.93	41.916
237.15	41.691
237.37	41.439
237.59	41.226
237.80	40.856
238.02	40.242
238.24	39.831
238.46	39.392
238.67	39.056
238.89	38.628
239.11	38.038
239.33	37.591
239.55	37.004
239.76	36.547
239.98	36.101
240.20	35.674
240.42	35.495
240.63	35.212
240.85	34.819
241.07	34.592
241.29	34.372
241.50	34.143
241.72	33.870
241.94	33.659
242.16	33.477
242.37	33.311
242.59	33.249
242.81	33.040
243.03	32.743
243.24	32.498
243.46	32.188
243.68	32.014
243.90	31.826
244.11	31.631
244.33	31.432
244.55	31.318
244.76	31.182
244.98	31.041
245.20	30.882
245.42	30.692
245.63	30.552
245.85	30.320
246.07	30.263
246.29	30.162
246.50	30.165
246.72	29.996
246.94	29.943
247.15	29.903
247.37	29.923
247.59	30.003
247.81	29.960
248.02	30.016
248.24	30.062
248.46	30.065
248.67	30.129
248.89	30.082
249.11	30.170
249.33	30.213
249.54	30.200
249.76	30.281
249.98	30.358
250.19	30.347
250.41	30.460
250.63	30.406
250.84	30.472
251.06	30.415
251.28	30.486
251.50	30.449
251.71	30.270
251.93	30.159
252.15	30.068
252.36	30.115
252.58	30.238
252.80	30.269
253.01	30.433
253.23	30.430
253.45	30.515
253.66	30.482
253.88	30.398
254.10	30.336
254.31	30.253
254.53	30.230
254.75	30.148
254.97	29.886
255.18	29.713
255.40	29.355
255.62	29.068
255.83	28.721
256.05	28.404
256.27	28.053
256.48	27.738
256.70	27.332
256.92	26.915
257.13	26.516
257.35	26.266
257.57	25.845
257.78	25.593
258.00	25.432
258.21	25.192
258.43	25.073
258.65	24.942
258.86	24.758
259.08	24.561
259.30	24.446
259.51	24.395
259.73	24.339
259.95	24.346
260.16	24.227
260.38	24.165
260.60	24.129
260.81	24.188
261.03	24.169
261.25	24.215
261.46	24.315
261.68	24.339
261.89	24.360
262.11	24.500
262.33	24.543
262.54	24.505
262.76	24.571
262.98	24.655
263.19	24.636
263.41	24.669
263.62	24.778
263.84	24.890
264.06	24.908
264.27	24.840
264.49	24.708
264.71	24.762
264.92	24.797
265.14	24.702
265.35	24.500
265.57	24.397
265.79	24.340
266.00	24.175
266.22	24.041
266.43	23.916
266.65	23.773
266.87	23.603
267.08	23.517
267.30	23.417
267.51	23.223
267.73	23.210
267.95	23.202
268.16	23.098
268.38	22.958
268.59	22.819
268.81	22.780
269.03	22.711
269.24	22.570
269.46	22.467
269.67	22.347
269.89	22.335
270.11	22.179
270.32	22.057
270.54	22.009
270.75	21.968
270.97	21.882
271.19	21.836
271.40	21.889
271.62	21.814
271.83	21.719
272.05	21.690
272.26	21.613
272.48	21.533
272.70	21.490
272.91	21.464
273.13	21.430
273.34	21.344
273.56	21.401
273.77	21.401
273.99	21.428
274.21	21.484
274.42	21.479
274.64	21.540
274.85	21.545
275.07	21.532
275.28	21.507
275.50	21.496
275.71	21.488
275.93	21.395
276.15	21.410
276.36	21.408
276.58	21.365
276.79	21.319
277.01	21.285
277.22	21.250
277.44	21.188
277.65	21.247
277.87	21.220
278.08	21.084
278.30	21.034
278.52	20.953
278.73	20.823
278.95	20.727
279.16	20.633
279.38	20.626
279.59	20.502
279.81	20.392
280.02	20.347
280.24	20.263
280.45	20.234
280.67	20.150
280.88	20.098
281.10	20.007
281.31	19.892
281.53	19.791
281.74	19.728
281.96	19.665
282.17	19.531
282.39	19.475
282.60	19.378
282.82	19.248
283.04	19.183
283.25	19.162
283.47	19.169
283.68	19.105
283.90	19.000
284.11	18.968
284.33	18.952
284.54	18.897
284.76	18.885
284.97	18.901
285.19	18.861
285.40	18.837
285.62	18.822
285.83	18.829
286.05	18.809
286.26	18.798
286.48	18.800
286.69	18.807
286.91	18.787
287.12	18.825
287.33	18.848
287.55	18.827
287.76	18.840
287.98	18.792
288.19	18.802
288.41	18.811
288.62	18.847
288.84	18.879
289.05	18.876
289.27	18.868
289.48	18.835
289.70	18.825
289.91	18.859
290.13	18.843
290.34	18.861
290.56	18.901
290.77	18.844
290.99	18.844
291.20	18.819
291.41	18.849
291.63	18.838
291.84	18.870
292.06	18.836
292.27	18.818
292.49	18.804
292.70	18.799
292.92	18.809
293.13	18.786
293.35	18.736
293.56	18.734
293.77	18.698
293.99	18.657
294.20	18.680
294.42	18.613
294.63	18.600
294.85	18.563
295.06	18.532
295.28	18.543
295.49	18.522
295.70	18.519
295.92	18.494
296.13	18.505
296.35	18.477
296.56	18.486
296.78	18.511
296.99	18.540
297.20	18.574
297.42	18.591
297.63	18.637
297.85	18.676
298.06	18.700
298.28	18.753
298.49	18.807
298.70	18.836
298.92	18.887
299.13	18.953
299.35	19.048
299.56	19.098
299.77	19.162
299.99	19.193
300.20	19.275
300.42	19.342
300.63	19.380
300.85	19.478
301.06	19.541
301.27	19.589
301.49	19.614
301.70	19.677
301.92	19.717
302.13	19.721
302.34	19.777
302.56	19.818
302.77	19.824
302.99	19.873
303.20	19.896
303.41	19.893
303.63	19.911
303.84	19.919
304.05	19.954
304.27	19.963
304.48	20.026
304.70	20.040
304.91	20.053
305.12	20.067
305.34	20.058
305.55	20.044
305.77	20.038
305.98	20.025
306.19	20.008
306.41	19.994
306.62	19.973
306.83	19.945
307.05	19.887
307.26	19.847
307.47	19.752
307.69	19.717
307.90	19.713
308.12	19.639
308.33	19.559
308.54	19.506
308.76	19.483
308.97	19.421
309.18	19.351
309.40	19.322
309.61	19.288
309.82	19.264
310.04	19.266
310.25	19.251
310.46	19.256
310.68	19.233
310.89	19.246
311.11	19.276
311.32	19.254
311.53	19.312
311.75	19.385
311.96	19.417
312.17	19.466
312.39	19.495
312.60	19.530
312.81	19.648
313.03	19.742
313.24	19.796
313.45	19.872
313.67	19.951
313.88	19.995
314.09	20.073
314.31	20.142
314.52	20.201
314.73	20.265
314.95	20.348
315.16	20.429
315.37	20.480
315.58	20.527
315.80	20.618
316.01	20.660
316.22	20.657
316.44	20.723
316.65	20.765
316.86	20.841
317.08	20.961
317.29	20.899
317.50	20.920
317.72	20.922
317.93	20.907
318.14	20.929
318.35	20.971
318.57	21.014
318.78	21.034
318.99	21.086
319.21	21.074
319.42	21.085
319.63	21.124
319.85	21.080
320.06	21.067
320.27	21.032
320.48	21.011
320.70	20.994
320.91	20.967
321.12	20.947
321.34	20.903
321.55	20.804
321.76	20.784
321.97	20.708
322.19	20.698
322.40	20.666
322.61	20.595
322.83	20.512
323.04	20.462
323.25	20.397
323.46	20.294
323.68	20.237
323.89	20.140
324.10	20.073
324.31	20.034
324.53	20.001
324.74	19.963
324.95	19.934
325.16	19.945
325.38	19.915
325.59	19.891
325.80	19.888
326.01	19.926
326.23	19.957
326.44	19.974
326.65	19.971
326.86	20.012
327.08	20.054
327.29	20.095
327.50	20.108
327.71	20.126
327.93	20.160
328.14	20.209
328.35	20.278
328.56	20.282
328.78	20.323
328.99	20.364
329.20	20.393
329.41	20.405
329.63	20.364
329.84	20.388
330.05	20.367
330.26	20.341
330.48	20.324
330.69	20.276
330.90	20.250
331.11	20.232
331.32	20.220
331.54	20.203
331.75	20.181
331.96	20.133
332.17	20.103
332.39	20.077
332.60	20.042
332.81	19.997
333.02	19.975
333.23	19.931
333.45	19.871
333.66	19.856
333.87	19.843
334.08	19.845
334.29	19.826
334.51	19.820
334.72	19.803
334.93	19.779
335.14	19.776
335.35	19.771
335.57	19.758
335.78	19.730
335.99	19.707
336.20	19.691
336.41	19.700
336.63	19.722
336.84	19.731
337.05	19.723
337.26	19.731
337.47	19.742
337.69	19.761
337.90	19.768
338.11	19.767
338.32	19.743
338.53	19.746
338.74	19.765
338.96	19.750
339.17	19.752
339.38	19.745
339.59	19.733
339.80	19.735
340.01	19.739
340.23	19.715
340.44	19.705
340.65	19.708
340.86	19.694
341.07	19.660
341.28	19.640
341.50	19.608
341.71	19.595
341.92	19.602
342.13	19.559
342.34	19.570
342.55	19.551
342.77	19.533
342.98	19.508
343.19	19.474
343.40	19.455
343.61	19.441
343.82	19.433
344.03	19.420
344.25	19.383
344.46	19.363
344.67	19.354
344.88	19.346
345.09	19.341
345.30	19.319
345.51	19.325
345.73	19.320
345.94	19.333
346.15	19.332
346.36	19.303
346.57	19.306
346.78	19.279
346.99	19.268
347.21	19.252
347.42	19.218
347.63	19.195
347.84	19.188
348.05	19.186
348.26	19.163
348.47	19.166
348.68	19.161
348.89	19.144
349.11	19.161
349.32	19.137
349.53	19.080
349.74	19.060
349.95	19.023
350.16	18.987
350.37	18.946
350.58	18.897
350.79	18.854
351.01	18.800
351.22	18.756
351.43	18.702
351.64	18.665
351.85	18.631
352.06	18.581
352.27	18.529
352.48	18.443
352.69	18.387
352.90	18.324
353.12	18.278
353.33	18.208
353.54	18.127
353.75	18.069
353.96	18.013
354.17	17.948
354.38	17.881
354.59	17.824
354.80	17.770
355.01	17.713
355.22	17.641
355.43	17.581
355.64	17.526
355.86	17.481
356.07	17.411
356.28	17.352
356.49	17.327
356.70	17.259
356.91	17.226
357.12	17.157
357.33	17.094
357.54	17.021
357.75	16.962
357.96	16.881
358.17	16.809
358.38	16.768
358.59	16.698
358.80	16.636
359.02	16.586
359.23	16.529
359.44	16.473
359.65	16.420
359.86	16.380
360.07	16.325
360.28	16.265
360.49	16.228
360.70	16.190
360.91	16.131
361.12	16.091
361.33	16.057
361.54	16.030
361.75	15.996
361.96	15.967
362.17	15.950
362.38	15.955
362.59	15.936
362.80	15.914
363.01	15.924
363.22	15.919
363.43	15.902
363.64	15.906
363.85	15.905
364.06	15.908
364.27	15.902
364.48	15.901
364.69	15.913
364.90	15.917
365.11	15.927
365.33	15.926
365.54	15.951
365.75	15.935
365.96	15.937
366.17	15.942
366.38	15.950
366.59	15.935
366.80	15.912
367.01	15.929
367.22	15.924
367.43	15.908
367.64	15.887
367.85	15.872
368.06	15.851
368.27	15.834
368.48	15.810
368.69	15.799
368.90	15.764
369.11	15.752
369.32	15.735
369.53	15.704
369.74	15.680
369.94	15.639
370.15	15.633
370.36	15.623
370.57	15.601
370.78	15.554
370.99	15.532
371.20	15.520
371.41	15.469
371.62	15.422
371.83	15.381
372.04	15.364
372.25	15.340
372.46	15.300
372.67	15.278
372.88	15.259
373.09	15.218
373.30	15.200
373.51	15.147
373.72	15.111
373.93	15.080
374.14	15.047
374.35	14.997
374.56	14.951
374.77	14.930
374.98	14.878
375.19	14.872
375.40	14.836
375.61	14.795
375.82	14.771
376.03	14.760
376.23	14.756
376.44	14.715
376.65	14.698
376.86	14.668
377.07	14.624
377.28	14.592
377.49	14.578
377.70	14.554
377.91	14.539
378.12	14.516
378.33	14.509
378.54	14.495
378.75	14.510
378.96	14.488
379.17	14.478
379.37	14.482
379.58	14.460
379.79	14.469
380.00	14.446
380.21	14.447
380.42	14.418
380.63	14.370
380.84	14.365
381.05	14.336
381.26	14.318
381.47	14.304
381.68	14.293
381.89	14.290
382.09	14.262
382.30	14.233
382.51	14.213
382.72	14.179
382.93	14.142
383.14	14.110
383.35	14.093
383.56	14.048
383.77	14.030
383.98	13.993
384.18	13.954
384.39	13.946
384.60	13.936
384.81	13.938
385.02	13.938
385.23	13.915
385.44	13.899
385.65	13.888
385.86	13.878
386.06	13.868
386.27	13.831
386.48	13.823
386.69	13.829
386.90	13.826
387.11	13.814
387.32	13.817
387.53	13.805
387.73	13.799
387.94	13.784
388.15	13.754
388.36	13.749
388.57	13.746
388.78	13.733
388.99	13.696
389.20	13.683
389.40	13.654
389.61	13.642
389.82	13.617
390.03	13.607
390.24	13.575
390.45	13.546
390.66	13.533
390.86	13.511
391.07	13.489
391.28	13.462
391.49	13.439
391.70	13.418
391.91	13.401
392.12	13.381
392.32	13.380
392.53	13.373
392.74	13.339
392.95	13.318
393.16	13.306
393.37	13.312
393.57	13.298
393.78	13.287
393.99	13.283
394.20	13.287
394.41	13.281
394.62	13.278
394.82	13.284
395.03	13.276
395.24	13.268
395.45	13.262
395.66	13.256
395.87	13.259
396.07	13.268
396.28	13.277
396.49	13.267
396.70	13.252
396.91	13.249
397.11	13.265
397.32	13.262
397.53	13.254
397.74	13.219
397.95	13.207
398.16	13.214
398.36	13.202
398.57	13.190
398.78	13.170
398.99	13.174
399.20	13.154
399.40	13.152
399.61	13.152
399.82	13.120
400.03	13.100
400.24	13.079
400.44	13.038
400.65	13.017
400.86	13.016
401.07	13.012
401.27	12.991
401.48	12.978
401.69	12.955
401.90	12.925
402.11	12.916
402.31	12.902
402.52	12.876
402.73	12.861
402.94	12.834
403.15	12.809
403.35	12.787
403.56	12.770
403.77	12.756
403.98	12.750
404.18	12.754
404.39	12.761
404.60	12.769
404.81	12.782
405.01	12.767
405.22	12.750
405.43	12.733
405.64	12.745
405.85	12.742
406.05	12.751
406.26	12.766
406.47	12.777
406.68	12.775
406.88	12.779
407.09	12.781
407.30	12.791
407.51	12.800
407.71	12.794
407.92	12.796
408.13	12.784
408.34	12.776
408.54	12.784
408.75	12.763
408.96	12.744
409.16	12.732
409.37	12.726
409.58	12.728
409.79	12.731
409.99	12.706
410.20	12.701
410.41	12.691
410.62	12.683
410.82	12.674
411.03	12.658
411.24	12.665
411.45	12.662
411.65	12.654
411.86	12.649
412.07	12.649
412.27	12.640
412.48	12.633
412.69	12.614
412.90	12.602
413.10	12.607
413.31	12.601
413.52	12.572
413.72	12.565
413.93	12.546
414.14	12.524
414.35	12.503
414.55	12.462
414.76	12.438
414.97	12.418
415.17	12.383
415.38	12.360
415.59	12.323
415.79	12.295
416.00	12.278
416.21	12.252
416.41	12.229
416.62	12.198
416.83	12.174
417.04	12.159
417.24	12.137
417.45	12.111
417.66	12.091
417.86	12.081
418.07	12.061
418.28	12.054
418.48	12.038
418.69	12.029
418.90	12.029
419.10	12.014
419.31	11.993
419.52	11.985
419.72	11.974
419.93	11.970
420.14	11.962
420.34	11.954
420.55	11.949
420.76	11.946
420.96	11.946
421.17	11.951
421.38	11.959
421.58	11.956
421.79	11.960
422.00	11.959
422.20	11.959
422.41	11.956
422.62	11.953
422.82	11.954
423.03	11.954
423.24	11.962
423.44	11.967
423.65	11.979
423.85	11.987
424.06	11.999
424.27	12.001
424.47	12.015
424.68	12.022
424.89	12.031
425.09	12.034
425.30	12.051
425.51	12.067
425.71	12.064
425.92	12.077
426.12	12.090
426.33	12.104
426.54	12.124
426.74	12.142
426.95	12.157
427.16	12.178
427.36	12.195
427.57	12.207
427.77	12.222
427.98	12.221
428.19	12.231
428.39	12.233
428.60	12.237
428.81	12.230
429.01	12.230
429.22	12.243
429.42	12.247
429.63	12.238
429.84	12.221
430.04	12.214
430.25	12.199
430.45	12.186
430.66	12.190
430.87	12.173
431.07	12.163
431.28	12.150
431.48	12.139
431.69	12.128
431.90	12.117
432.10	12.113
432.31	12.117
432.51	12.113
432.72	12.107
432.92	12.113
433.13	12.105
433.34	12.105
433.54	12.097
433.75	12.091
433.95	12.092
434.16	12.092
434.37	12.103
434.57	12.109
434.78	12.115
434.98	12.107
435.19	12.109
435.39	12.108
435.60	12.108
435.81	12.103
436.01	12.101
436.22	12.099
436.42	12.090
436.63	12.094
436.83	12.087
437.04	12.085
437.24	12.070
437.45	12.074
437.66	12.071
437.86	12.057
438.07	12.066
438.27	12.066
438.48	12.063
438.68	12.062
438.89	12.059
439.09	12.057
439.30	12.055
439.50	12.058
439.71	12.059
439.92	12.058
440.12	12.061
440.33	12.065
440.53	12.069
440.74	12.073
440.94	12.067
441.15	12.074
441.35	12.078
441.56	12.087
441.76	12.085
441.97	12.084
442.17	12.093
442.38	12.087
442.58	12.087
442.79	12.088
443.00	12.081
443.20	12.080
443.41	12.070
443.61	12.065
443.82	12.061
444.02	12.057
444.23	12.059
444.43	12.052
444.64	12.054
444.84	12.055
445.05	12.052
445.25	12.054
445.46	12.053
445.66	12.057
445.87	12.070
446.07	12.079
446.28	12.085
446.48	12.099
446.69	12.106
446.89	12.117
447.10	12.131
447.30	12.148
447.51	12.159
447.71	12.182
447.92	12.206
448.12	12.222
448.33	12.249
448.53	12.272
448.73	12.287
448.94	12.307
449.14	12.322
449.35	12.342
449.55	12.365
449.76	12.386
449.96	12.406
450.17	12.417
450.37	12.431
450.58	12.446
450.78	12.451
450.99	12.470
451.19	12.473
451.40	12.483
451.60	12.486
451.81	12.502
452.01	12.509
452.21	12.516
452.42	12.527
452.62	12.530
452.83	12.541
453.03	12.566
453.24	12.574
453.44	12.584
453.65	12.593
453.85	12.603
454.06	12.606
454.26	12.612
454.46	12.618
454.67	12.630
454.87	12.640
455.08	12.647
455.28	12.653
455.49	12.675
455.69	12.672
455.89	12.676
456.10	12.676
456.30	12.681
456.51	12.674
456.71	12.668
456.92	12.669
457.12	12.661
457.32	12.655
457.53	12.653
457.73	12.648
457.94	12.646
458.14	12.642
458.35	12.644
458.55	12.650
458.75	12.654
458.96	12.658
459.16	12.668
459.37	12.678
459.57	12.690
459.77	12.696
459.98	12.706
460.18	12.723
460.39	12.743
460.59	12.752
460.79	12.779
461.00	12.807
461.20	12.830
461.41	12.846
461.61	12.878
461.81	12.904
462.02	12.933
462.22	12.972
462.43	13.003
462.63	13.035
462.83	13.061
463.04	13.085
463.24	13.113
463.45	13.131
463.65	13.154
463.85	13.169
464.06	13.180
464.26	13.208
464.46	13.222
464.67	13.235
464.87	13.258
465.08	13.270
465.28	13.269
465.48	13.280
465.69	13.302
465.89	13.300
466.09	13.317
466.30	13.335
466.50	13.339
466.71	13.353
466.91	13.370
467.11	13.388
467.32	13.398
467.52	13.405
467.72	13.414
467.93	13.432
468.13	13.452
468.33	13.481
468.54	13.495
468.74	13.513
468.94	13.528
469.15	13.540
469.35	13.554
469.55	13.579
469.76	13.598
469.96	13.610
470.17	13.634
470.37	13.647
470.57	13.658
470.78	13.672
470.98	13.686
471.18	13.690
471.39	13.695
471.59	13.719
471.79	13.736
471.99	13.755
472.20	13.771
472.40	13.780
472.60	13.792
472.81	13.803
473.01	13.816
473.21	13.829
473.42	13.846
473.62	13.857
473.82	13.863
474.03	13.868
474.23	13.873
474.43	13.877
474.64	13.876
474.84	13.878
475.04	13.878
475.25	13.889
475.45	13.896
475.65	13.905
475.85	13.909
476.06	13.917
476.26	13.920
476.46	13.918
476.67	13.927
476.87	13.924
477.07	13.927
477.28	13.930
477.48	13.924
477.68	13.918
477.88	13.907
478.09	13.901
478.29	13.891
478.49	13.883
478.70	13.864
478.90	13.846
479.10	13.829
479.30	13.806
479.51	13.778
479.71	13.755
479.91	13.738
480.11	13.710
480.32	13.696
480.52	13.683
480.72	13.670
480.93	13.652
481.13	13.642
481.33	13.629
481.53	13.617
481.74	13.607
481.94	13.591
482.14	13.581
482.34	13.571
482.55	13.569
482.75	13.564
482.95	13.564
483.15	13.566
483.36	13.571
483.56	13.581
483.76	13.590
483.96	13.600
484.17	13.608
484.37	13.622
484.57	13.627
484.77	13.638
484.98	13.639
485.18	13.651
485.38	13.660
485.58	13.670
485.79	13.680
485.99	13.689
486.19	13.702
486.39	13.715
486.59	13.725
486.80	13.732
487.00	13.741
487.20	13.749
487.40	13.756
487.61	13.763
487.81	13.768
488.01	13.776
488.21	13.784
488.41	13.786
488.62	13.792
488.82	13.804
489.02	13.807
489.22	13.822
489.43	13.824
489.63	13.824
489.83	13.827
490.03	13.835
490.23	13.844
490.44	13.855
490.64	13.866
490.84	13.882
491.04	13.897
491.24	13.917
491.45	13.941
491.65	13.964
491.85	13.984
492.05	14.002
492.25	14.024
492.45	14.046
492.66	14.071
492.86	14.089
493.06	14.109
493.26	14.132
493.46	14.163
493.67	14.190
493.87	14.228
494.07	14.262
494.27	14.291
494.47	14.325
494.67	14.359
494.88	14.388
495.08	14.421
495.28	14.448
495.48	14.472
495.68	14.491
495.89	14.515
496.09	14.535
496.29	14.561
496.49	14.574
496.69	14.585
496.89	14.610
497.09	14.638
497.30	14.658
497.50	14.683
497.70	14.707
497.90	14.731
498.10	14.760
498.30	14.789
498.51	14.824
498.71	14.861
498.91	14.892
499.11	14.932
499.31	14.965
499.51	15.006
499.71	15.047
499.92	15.099
500.12	15.141
500.32	15.191
500.52	15.233
500.72	15.285
500.92	15.354
501.12	15.394
501.32	15.438
501.53	15.492
501.73	15.541
501.93	15.590
502.13	15.644
502.33	15.700
502.53	15.757
502.73	15.806
502.93	15.856
503.14	15.909
503.34	15.968
503.54	16.026
503.74	16.081
503.94	16.146
504.14	16.196
504.34	16.257
504.54	16.312
504.74	16.378
504.95	16.439
505.15	16.483
505.35	16.547
505.55	16.617
505.75	16.680
505.95	16.742
506.15	16.809
506.35	16.876
506.55	16.937
506.75	17.001
506.95	17.070
507.16	17.142
507.36	17.212
507.56	17.282
507.76	17.354
507.96	17.428
508.16	17.506
508.36	17.592
508.56	17.665
508.76	17.751
508.96	17.826
509.16	17.911
509.36	18.000
509.57	18.089
509.77	18.174
509.97	18.261
510.17	18.357
510.37	18.446
510.57	18.545
510.77	18.645
510.97	18.746
511.17	18.840
511.37	18.939
511.57	19.043
511.77	19.144
511.97	19.252
512.17	19.366
512.37	19.470
512.57	19.566
512.78	19.681
512.98	19.799
513.18	19.918
513.38	20.041
513.58	20.164
513.78	20.283
513.98	20.410
514.18	20.537
514.38	20.666
514.58	20.794
514.78	20.920
514.98	21.050
515.18	21.174
515.38	21.308
515.58	21.433
515.78	21.560
515.98	21.674
516.18	21.791
516.38	21.907
516.58	22.020
516.78	22.135
516.98	22.247
517.18	22.349
517.38	22.456
517.58	22.556
517.78	22.664
517.98	22.775
518.18	22.883
518.38	23.000
518.58	23.102
518.78	23.213
518.98	23.327
519.18	23.439
519.38	23.558
519.58	23.683
519.78	23.804
519.98	23.924
520.18	24.067
520.38	24.195
520.58	24.323
520.78	24.463
520.98	24.604
521.18	24.745
521.38	24.893
521.58	25.043
521.78	25.187
521.98	25.333
522.18	25.466
522.38	25.607
522.58	25.738
522.78	25.878
522.98	26.003
523.18	26.120
523.38	26.238
523.58	26.343
523.78	26.445
523.98	26.555
524.18	26.669
524.38	26.776
524.58	26.887
524.78	27.005
524.98	27.118
525.18	27.241
525.38	27.357
525.58	27.471
525.78	27.576
525.98	27.681
526.18	27.769
526.38	27.865
526.58	27.955
526.78	28.033
526.98	28.114
527.17	28.198
527.37	28.281
527.57	28.363
527.77	28.444
527.97	28.525
528.17	28.609
528.37	28.687
528.57	28.769
528.77	28.853
528.97	28.933
529.17	29.013
529.37	29.088
529.57	29.170
529.77	29.251
529.97	29.333
530.17	29.419
530.36	29.506
530.56	29.595
530.76	29.676
530.96	29.769
531.16	29.851
531.36	29.933
531.56	30.013
531.76	30.088
531.96	30.170
532.16	30.250
532.36	30.325
532.56	30.401
532.76	30.470
532.95	30.544
533.15	30.613
533.35	30.676
533.55	30.735
533.75	30.797
533.95	30.853
534.15	30.906
534.35	30.963
534.55	31.025
534.75	31.076
534.94	31.141
535.14	31.197
535.34	31.263
535.54	31.327
535.74	31.390
535.94	31.460
536.14	31.520
536.34	31.582
536.54	31.636
536.73	31.692
536.93	31.748
537.13	31.796
537.33	31.851
537.53	31.904
537.73	31.957
537.93	32.002
538.13	32.044
538.32	32.091
538.52	32.130
538.72	32.160
538.92	32.199
539.12	32.224
539.32	32.254
539.52	32.278
539.72	32.311
539.91	32.335
540.11	32.363
540.31	32.393
540.51	32.417
540.71	32.452
540.91	32.487
541.11	32.523
541.30	32.547
541.50	32.575
541.70	32.605
541.90	32.641
542.10	32.673
542.30	32.711
542.49	32.747
542.69	32.784
542.89	32.832
543.09	32.876
543.29	32.929
543.49	32.979
543.68	33.026
543.88	33.068
544.08	33.124
544.28	33.174
544.48	33.224
544.68	33.279
544.87	33.321
545.07	33.358
545.27	33.392
545.47	33.439
545.67	33.479
545.87	33.513
546.06	33.543
546.26	33.573
546.46	33.611
546.66	33.641
546.86	33.667
547.05	33.694
547.25	33.709
547.45	33.728
547.65	33.746
547.85	33.778
548.04	33.803
548.24	33.834
548.44	33.854
548.64	33.878
548.84	33.899
549.03	33.932
549.23	33.963
549.43	33.987
549.63	34.009
549.83	34.032
550.02	34.056
550.22	34.075
550.42	34.079
550.62	34.090
550.82	34.100
551.01	34.110
551.21	34.116
551.41	34.140
551.61	34.142
551.80	34.155
552.00	34.171
552.20	34.178
552.40	34.185
552.60	34.199
552.79	34.212
552.99	34.229
553.19	34.246
553.39	34.252
553.58	34.280
553.78	34.290
553.98	34.307
554.18	34.323
554.37	34.349
554.57	34.383
554.77	34.396
554.97	34.429
555.16	34.456
555.36	34.483
555.56	34.495
555.76	34.526
555.95	34.556
556.15	34.574
556.35	34.600
556.55	34.610
556.74	34.620
556.94	34.641
557.14	34.656
557.34	34.673
557.53	34.702
557.73	34.712
557.93	34.736
558.13	34.746
558.32	34.751
558.52	34.757
558.72	34.772
558.92	34.786
559.11	34.795
559.31	34.815
559.51	34.831
559.70	34.839
559.90	34.846
560.10	34.852
560.30	34.853
560.49	34.859
560.69	34.886
560.89	34.908
561.08	34.915
561.28	34.921
561.48	34.922
561.68	34.914
561.87	34.926
562.07	34.926
562.27	34.937
562.46	34.944
562.66	34.946
562.86	34.951
563.05	34.961
563.25	34.956
563.45	34.943
563.65	34.944
563.84	34.949
564.04	34.963
564.24	34.971
564.43	34.980
564.63	34.990
564.83	34.976
565.02	34.974
565.22	34.982
565.42	34.998
565.61	35.011
565.81	35.038
566.01	35.050
566.20	35.070
566.40	35.083
566.60	35.113
566.79	35.138
566.99	35.151
567.19	35.168
567.38	35.195
567.58	35.215
567.78	35.223
567.97	35.238
568.17	35.246
568.37	35.258
568.56	35.272
568.76	35.284
568.96	35.307
569.15	35.322
569.35	35.340
569.55	35.346
569.74	35.347
569.94	35.345
570.14	35.344
570.33	35.338
570.53	35.344
570.73	35.337
570.92	35.345
571.12	35.346
571.31	35.354
571.51	35.358
571.71	35.373
571.90	35.392
572.10	35.399
572.30	35.404
572.49	35.411
572.69	35.429
572.88	35.452
573.08	35.454
573.28	35.466
573.47	35.475
573.67	35.494
573.87	35.523
574.06	35.541
574.26	35.561
574.45	35.597
574.65	35.618
574.85	35.650
575.04	35.666
575.24	35.693
575.44	35.696
575.63	35.720
575.83	35.749
576.02	35.772
576.22	35.795
576.42	35.825
576.61	35.855
576.81	35.875
577.00	35.889
577.20	35.933
577.40	35.966
577.59	35.998
577.79	36.024
577.98	36.050
578.18	36.084
578.37	36.115
578.57	36.130
578.77	36.157
578.96	36.180
579.16	36.195
579.35	36.223
579.55	36.253
579.75	36.279
579.94	36.284
580.14	36.303
580.33	36.343
580.53	36.366
580.72	36.387
580.92	36.398
581.12	36.414
581.31	36.428
581.51	36.443
581.70	36.457
581.90	36.466
582.09	36.479
582.29	36.494
582.48	36.501
582.68	36.507
582.88	36.521
583.07	36.535
583.27	36.544
583.46	36.571
583.66	36.590
583.85	36.586
584.05	36.598
584.24	36.611
584.44	36.603
584.63	36.604
584.83	36.613
585.03	36.621
585.22	36.637
585.42	36.646
585.61	36.654
585.81	36.657
586.00	36.662
586.20	36.661
586.39	36.664
586.59	36.684
586.78	36.708
586.98	36.729
587.17	36.734
587.37	36.750
587.56	36.751
587.76	36.768
587.95	36.789
588.15	36.807
588.34	36.811
588.54	36.825
588.74	36.859
588.93	36.867
589.13	36.885
589.32	36.905
589.52	36.916
589.71	36.932
589.91	36.958
590.10	36.987
590.30	37.007
590.49	37.039
590.69	37.058
590.88	37.072
591.08	37.087
591.27	37.120
591.47	37.142
591.66	37.162
591.85	37.175
592.05	37.175
592.24	37.184
592.44	37.202
592.63	37.214
592.83	37.215
593.02	37.221
593.22	37.236
593.41	37.225
593.61	37.228
593.80	37.232
594.00	37.223
594.19	37.209
594.39	37.202
594.58	37.201
594.78	37.195
594.97	37.205
595.17	37.200
595.36	37.209
595.56	37.210
595.75	37.221
595.94	37.232
596.14	37.271
596.33	37.306
596.53	37.339
596.72	37.370
596.92	37.401
597.11	37.438
597.31	37.469
597.50	37.514
597.69	37.559
597.89	37.614
598.08	37.673
598.28	37.744
598.47	37.812
598.67	37.859
598.86	37.920
599.06	37.964
599.25	38.018
599.44	38.052
599.64	38.099
599.83	38.143
600.03	38.171
600.22	38.186
600.42	38.186
600.61	38.181
600.80	38.182
601.00	38.173
601.19	38.173
601.39	38.175
601.58	38.168
601.78	38.160
601.97	38.142
602.16	38.124
602.36	38.095
602.55	38.081
602.75	38.064
602.94	38.051
603.13	38.042
603.33	38.033
603.52	38.036
603.72	38.045
603.91	38.048
604.10	38.073
604.30	38.095
604.49	38.132
604.69	38.161
604.88	38.195
605.07	38.233
605.27	38.266
605.46	38.294
605.66	38.339
605.85	38.379
606.04	38.412
606.24	38.450
606.43	38.490
606.62	38.528
606.82	38.566
607.01	38.588
607.21	38.621
607.40	38.645
607.59	38.666
607.79	38.679
607.98	38.688
608.17	38.705
608.37	38.728
608.56	38.733
608.76	38.762
608.95	38.784
609.14	38.809
609.34	38.836
609.53	38.868
609.72	38.896
609.92	38.936
610.11	38.989
610.30	39.031
610.50	39.084
610.69	39.140
610.88	39.204
611.08	39.265
611.27	39.322
611.46	39.394
611.66	39.454
611.85	39.536
612.04	39.606
612.24	39.679
612.43	39.737
612.62	39.811
612.82	39.869
613.01	39.920
613.20	39.997
613.40	40.052
613.59	40.106
613.78	40.151
613.98	40.179
614.17	40.192
614.36	40.240
614.56	40.274
614.75	40.286
614.94	40.306
615.14	40.315
615.33	40.344
615.52	40.352
615.72	40.366
615.91	40.380
616.10	40.400
616.30	40.402
616.49	40.422
616.68	40.430
616.88	40.448
617.07	40.464
617.26	40.450
617.45	40.479
617.65	40.481
617.84	40.494
618.03	40.522
618.23	40.543
618.42	40.543
618.61	40.554
618.80	40.578
619.00	40.595
619.19	40.625
619.38	40.636
619.58	40.670
619.77	40.685
619.96	40.703
620.15	40.701
620.35	40.721
620.54	40.732
620.73	40.724
620.93	40.728
621.12	40.735
621.31	40.730
621.50	40.707
621.70	40.706
621.89	40.708
622.08	40.688
622.27	40.658
622.47	40.637
622.66	40.610
622.85	40.573
623.04	40.530
623.24	40.497
623.43	40.457
623.62	40.409
623.81	40.371
624.01	40.315
624.20	40.271
624.39	40.212
624.58	40.153
624.78	40.113
624.97	40.067
625.16	40.027
625.35	40.001
625.55	39.967
625.74	39.934
625.93	39.893
626.12	39.859
626.32	39.854
626.51	39.830
626.70	39.818
626.89	39.807
627.09	39.813
627.28	39.834
627.47	39.851
627.66	39.861
627.85	39.891
628.05	39.934
628.24	39.976
628.43	40.016
628.62	40.076
628.82	40.128
629.01	40.181
629.20	40.213
629.39	40.241
629.58	40.305
629.78	40.346
629.97	40.389
630.16	40.429
630.35	40.461
630.54	40.507
630.74	40.546
630.93	40.586
631.12	40.610
631.31	40.618
631.50	40.629
631.70	40.646
631.89	40.645
632.08	40.628
632.27	40.616
632.46	40.620
632.65	40.602
632.85	40.596
633.04	40.577
633.23	40.586
633.42	40.601
633.61	40.582
633.81	40.586
634.00	40.596
634.19	40.615
634.38	40.634
634.57	40.637
634.76	40.644
634.96	40.655
635.15	40.675
635.34	40.694
635.53	40.716
635.72	40.743
635.91	40.765
636.11	40.805
636.30	40.857
636.49	40.875
636.68	40.904
636.87	40.949
637.06	40.991
637.26	41.029
637.45	41.057
637.64	41.092
637.83	41.139
638.02	41.167
638.21	41.210
638.40	41.225
638.60	41.266
638.79	41.297
638.98	41.327
639.17	41.368
639.36	41.401
639.55	41.428
639.74	41.446
639.93	41.487
640.13	41.509
640.32	41.520
640.51	41.558
640.70	41.578
640.89	41.581
641.08	41.590
641.27	41.612
641.46	41.628
641.66	41.640
641.85	41.657
642.04	41.668
642.23	41.668
642.42	41.698
642.61	41.693
642.80	41.693
642.99	41.702
643.18	41.678
643.38	41.665
643.57	41.666
643.76	41.667
643.95	41.647
644.14	41.630
644.33	41.635
644.52	41.600
644.71	41.593
644.90	41.592
645.09	41.579
645.29	41.547
645.48	41.544
645.67	41.529
645.86	41.501
646.05	41.479
646.24	41.453
646.43	41.421
646.62	41.420
646.81	41.410
647.00	41.374
647.19	41.363
647.38	41.344
647.57	41.312
647.77	41.292
647.96	41.293
648.15	41.271
648.34	41.239
648.53	41.238
648.72	41.215
648.91	41.189
649.10	41.175
649.29	41.174
649.48	41.154
649.67	41.150
649.86	41.137
650.05	41.131
650.24	41.106
650.43	41.109
650.62	41.102
650.81	41.085
651.01	41.084
651.20	41.081
651.39	41.078
651.58	41.082
651.77	41.077
651.96	41.063
652.15	41.063
652.34	41.071
652.53	41.075
652.72	41.096
652.91	41.090
653.10	41.099
653.29	41.095
653.48	41.076
653.67	41.075
653.86	41.072
654.05	41.062
654.24	41.059
654.43	41.029
654.62	40.974
654.81	40.951
655.00	40.922
655.19	40.883
655.38	40.813
655.57	40.764
655.76	40.704
655.95	40.633
656.14	40.568
656.33	40.495
656.52	40.426
656.71	40.343
656.90	40.297
657.09	40.250
657.28	40.186
657.47	40.134
657.66	40.070
657.85	40.011
658.04	39.955
658.23	39.901
658.42	39.870
658.61	39.866
658.80	39.857
658.99	39.846
659.18	39.834
659.37	39.871
659.56	39.906
659.75	39.935
659.94	39.994
660.13	40.059
660.32	40.128
660.51	40.185
660.70	40.256
660.89	40.333
661.08	40.398
661.27	40.482
661.46	40.570
661.65	40.652
661.84	40.745
662.03	40.860
662.22	40.978
662.41	41.084
662.60	41.182
662.78	41.262
662.97	41.352
663.16	41.432
663.35	41.488
663.54	41.539
663.73	41.624
663.92	41.662
664.11	41.702
664.30	41.746
664.49	41.784
664.68	41.802
664.87	41.800
665.06	41.809
665.25	41.799
665.44	41.790
665.63	41.792
665.82	41.811
666.01	41.779
666.19	41.779
666.38	41.752
666.57	41.713
666.76	41.700
666.95	41.674
667.14	41.666
667.33	41.682
667.52	41.658
667.71	41.619
667.90	41.607
668.09	41.597
668.28	41.560
668.46	41.547
668.65	41.552
668.84	41.548
669.03	41.545
669.22	41.564
669.41	41.565
669.60	41.593
669.79	41.577
669.98	41.587
670.17	41.570
670.35	41.581
670.54	41.602
670.73	41.611
670.92	41.624
671.11	41.656
671.30	41.662
671.49	41.695
671.68	41.727
671.87	41.742
672.05	41.761
672.24	41.799
672.43	41.821
672.62	41.834
672.81	41.862
673.00	41.875
673.19	41.892
673.38	41.915
673.57	41.904
673.75	41.909
673.94	41.914
674.13	41.941
674.32	41.949
674.51	41.966
674.70	41.978
674.89	41.975
675.07	41.943
675.26	41.913
675.45	41.883
675.64	41.824
675.83	41.789
676.02	41.741
676.21	41.675
676.39	41.636
676.58	41.576
676.77	41.498
676.96	41.415
677.15	41.327
677.34	41.265
677.52	41.196
677.71	41.110
677.90	41.034
678.09	40.948
678.28	40.889
678.47	40.797
678.65	40.722
678.84	40.668
679.03	40.608
679.22	40.562
679.41	40.517
679.60	40.495
679.78	40.455
679.97	40.420
680.16	40.412
680.35	40.382
680.54	40.382
680.73	40.393
680.91	40.420
681.10	40.446
681.29	40.474
681.48	40.497
681.67	40.572
681.85	40.609
682.04	40.627
682.23	40.657
682.42	40.707
682.61	40.740
682.79	40.789
682.98	40.827
683.17	40.849
683.36	40.874
683.55	40.916
683.73	40.950
683.92	40.973
684.11	40.987
684.30	41.006
684.49	41.014
684.67	41.006
684.86	40.992
685.05	40.968
685.24	40.947
685.42	40.937
685.61	40.869
685.80	40.854
685.99	40.844
686.18	40.808
686.36	40.764
686.55	40.734
686.74	40.680
686.93	40.654
687.11	40.664
687.30	40.661
687.49	40.624
687.68	40.618
687.86	40.616
688.05	40.597
688.24	40.607
688.43	40.609
688.61	40.623
688.80	40.636
688.99	40.677
689.18	40.702
689.36	40.743
689.55	40.783
689.74	40.810
689.93	40.856
690.11	40.919
690.30	40.965
690.49	41.020
690.68	41.076
690.86	41.124
691.05	41.139
691.24	41.169
691.43	41.232
691.61	41.278
691.80	41.343
691.99	41.418
692.17	41.443
692.36	41.481
692.55	41.513
692.74	41.557
692.92	41.580
693.11	41.605
693.30	41.603
693.49	41.621
693.67	41.629
693.86	41.601
694.05	41.548
694.23	41.530
694.42	41.483
694.61	41.419
694.79	41.336
694.98	41.250
695.17	41.156
695.36	41.035
695.54	40.918
695.73	40.775
695.92	40.628
696.10	40.498
696.29	40.359
696.48	40.218
696.66	40.076
696.85	39.953
697.04	39.841
697.22	39.704
697.41	39.585
697.60	39.499
697.79	39.418
697.97	39.348
698.16	39.272
698.35	39.223
698.53	39.178
698.72	39.173
698.91	39.168
699.09	39.188
699.28	39.214
699.47	39.248
699.65	39.301
699.84	39.375
700.03	39.451
700.21	39.549
700.40	39.677
700.59	39.783
700.77	39.919
700.96	40.054
701.15	40.215
701.33	40.383
701.52	40.535
701.70	40.711
701.89	40.885
702.08	41.069
702.26	41.237
702.45	41.406
702.64	41.582
702.82	41.748
703.01	41.873
703.20	42.007
703.38	42.132
703.57	42.253
703.76	42.335
703.94	42.407
704.13	42.486
704.31	42.528
704.50	42.592
704.69	42.609
704.87	42.626
705.06	42.667
705.25	42.697
705.43	42.699
705.62	42.675
705.80	42.655
705.99	42.639
706.18	42.616
706.36	42.597
706.55	42.549
706.73	42.502
706.92	42.490
707.11	42.455
707.29	42.435
707.48	42.402
707.66	42.377
707.85	42.329
708.04	42.278
708.22	42.266
708.41	42.240
708.59	42.207
708.78	42.161
708.97	42.139
709.15	42.097
709.34	42.060
709.52	42.061
709.71	42.036
709.90	42.005
710.08	41.970
710.27	41.947
710.45	41.914
710.64	41.912
710.82	41.871
711.01	41.855
711.20	41.821
711.38	41.758
711.57	41.717
711.75	41.727
711.94	41.701
712.12	41.629
712.31	41.591
712.50	41.551
712.68	41.522
712.87	41.454
713.05	41.379
713.24	41.326
713.42	41.267
713.61	41.201
713.79	41.138
713.98	41.067
714.17	41.030
714.35	40.994
714.54	40.929
714.72	40.870
714.91	40.802
715.09	40.731
715.28	40.692
715.46	40.623
715.65	40.562
715.83	40.508
716.02	40.485
716.21	40.438
716.39	40.377
716.58	40.359
716.76	40.329
716.95	40.319
717.13	40.301
717.32	40.293
717.50	40.299
717.69	40.314
717.87	40.354
718.06	40.356
718.24	40.358
718.43	40.371
718.61	40.410
718.80	40.454
718.98	40.502
719.17	40.581
719.35	40.663
719.54	40.714
719.72	40.790
719.91	40.875
720.09	40.970
720.28	41.070
720.46	41.112
720.65	41.189
720.83	41.257
721.02	41.346
721.20	41.419
721.39	41.494
721.57	41.554
721.76	41.595
721.94	41.630
722.13	41.669
722.31	41.737
722.50	41.762
722.68	41.796
722.87	41.793
723.05	41.779
723.24	41.809
723.42	41.802
723.61	41.757
723.79	41.731
723.98	41.673
724.16	41.642
724.34	41.592
724.53	41.542
724.71	41.475
724.90	41.400
725.08	41.342
725.27	41.312
725.45	41.264
725.64	41.206
725.82	41.151
726.01	41.120
726.19	41.037
726.38	40.985
726.56	40.938
726.74	40.888
726.93	40.836
727.11	40.746
727.30	40.683
727.48	40.682
727.67	40.655
727.85	40.603
728.04	40.556
728.22	40.526
728.40	40.508
728.59	40.516
728.77	40.512
728.96	40.494
729.14	40.440
729.33	40.392
729.51	40.372
729.69	40.362
729.88	40.364
730.06	40.362
730.25	40.353
730.43	40.347
730.61	40.371
730.80	40.364
730.98	40.401
731.17	40.425
731.35	40.434
731.54	40.425
731.72	40.479
731.90	40.530
732.09	40.558
732.27	40.584
732.46	40.621
732.64	40.661
732.82	40.691
733.01	40.740
733.19	40.799
733.38	40.856
733.56	40.924
733.74	40.945
733.93	41.006
734.11	41.097
734.29	41.147
734.48	41.214
734.66	41.292
734.85	41.339
735.03	41.430
735.21	41.501
735.40	41.552
735.58	41.581
735.77	41.624
735.95	41.690
736.13	41.749
736.32	41.794
736.50	41.834
736.68	41.873
736.87	41.908
737.05	41.963
737.23	42.001
737.42	42.016
737.60	42.048
737.79	42.052
737.97	42.054
738.15	42.064
738.34	42.083
738.52	42.096
738.70	42.109
738.89	42.103
739.07	42.096
739.25	42.143
739.44	42.181
739.62	42.193
739.80	42.253
739.99	42.263
740.17	42.294
740.35	42.313
740.54	42.370
740.72	42.430
740.90	42.468
741.09	42.492
741.27	42.559
741.45	42.604
741.64	42.675
741.82	42.723
742.00	42.791
742.19	42.837
742.37	42.920
742.55	42.964
742.74	43.026
742.92	43.059
743.10	43.109
743.29	43.136
743.47	43.228
743.65	43.234
743.83	43.303
744.02	43.336
744.20	43.402
744.38	43.405
744.57	43.424
744.75	43.453
744.93	43.524
745.12	43.530
745.30	43.545
745.48	43.523
745.66	43.516
745.85	43.476
746.03	43.454
746.21	43.431
746.40	43.463
746.58	43.437
746.76	43.423
746.94	43.380
747.13	43.381
747.31	43.318
747.49	43.314
747.68	43.262
747.86	43.211
748.04	43.165
748.22	43.113
748.41	43.075
748.59	43.037
748.77	42.952
748.95	42.920
749.14	42.902
749.32	42.889
749.50	42.874
749.68	42.875
749.87	42.886
750.05	42.820
750.23	42.812
750.42	42.800
750.60	42.818
750.78	42.809
750.96	42.828
751.15	42.846
751.33	42.829
751.51	42.851
751.69	42.852
751.87	42.828
752.06	42.851
752.24	42.853
752.42	42.837
752.60	42.822
752.79	42.818
752.97	42.783
753.15	42.783
753.33	42.815
753.52	42.820
753.70	42.789
753.88	42.806
754.06	42.772
754.24	42.804
754.43	42.778
754.61	42.777
754.79	42.710
754.97	42.667
755.16	42.620
755.34	42.532
755.52	42.496
755.70	42.460
755.88	42.388
756.07	42.280
756.25	42.169
756.43	42.054
756.61	41.908
756.79	41.778
756.98	41.637
757.16	41.391
757.34	41.210
757.52	41.001
757.70	40.773
757.89	40.547
758.07	40.316
758.25	40.050
758.43	39.783
758.61	39.527
758.80	39.217
758.98	38.954
759.16	38.726
759.34	38.408
759.52	38.098
759.70	37.802
759.89	37.544
760.07	37.286
760.25	37.071
760.43	36.862
760.61	36.661
760.79	36.434
760.98	36.270
761.16	36.118
761.34	35.976
761.52	35.872
761.70	35.754
761.88	35.645
762.07	35.601
762.25	35.546
762.43	35.513
762.61	35.511
762.79	35.493
762.97	35.495
763.15	35.535
763.34	35.594
763.52	35.671
763.70	35.736
763.88	35.837
764.06	35.933
764.24	36.043
764.42	36.145
764.61	36.274
764.79	36.441
764.97	36.562
765.15	36.723
765.33	36.896
765.51	37.080
765.69	37.260
765.87	37.470
766.06	37.730
766.24	37.972
766.42	38.224
766.60	38.498
766.78	38.760
766.96	39.019
767.14	39.287
767.32	39.544
767.50	39.809
767.69	40.077
767.87	40.354
768.05	40.598
768.23	40.861
768.41	41.150
768.59	41.374
768.77	41.630
768.95	41.892
769.13	42.109
769.32	42.332
769.50	42.537
769.68	42.705
769.86	42.826
770.04	42.979
770.22	43.094
770.40	43.220
770.58	43.325
770.76	43.494
770.94	43.631
771.12	43.775
771.30	43.925
771.49	44.025
771.67	44.097
771.85	44.203
772.03	44.325
772.21	44.365
772.39	44.436
772.57	44.531
772.75	44.571
772.93	44.661
773.11	44.711
773.29	44.759
773.47	44.784
773.65	44.861
773.83	44.892
774.01	44.943
774.19	44.979
774.38	45.006
774.56	45.032
774.74	45.007
774.92	45.001
775.10	45.027
775.28	45.063
775.46	45.096
775.64	45.119
775.82	45.106
776.00	45.142
776.18	45.196
776.36	45.194
776.54	45.228
776.72	45.196
776.90	45.177
777.08	45.165
777.26	45.154
777.44	45.130
777.62	45.106
777.80	45.077
777.98	45.095
778.16	45.103
778.34	45.088
778.52	45.097
778.70	45.133
778.88	45.109
779.06	45.099
779.24	45.082
779.42	45.086
779.60	45.065
779.78	45.039
779.96	45.016
780.14	45.030
780.32	44.999
780.50	45.014
780.68	45.020
780.86	45.014
781.04	45.049
781.22	45.046
781.40	45.115
781.58	45.178
781.76	45.166
781.94	45.188
782.12	45.204
782.30	45.237
782.48	45.233
782.66	45.256
782.84	45.236
783.02	45.233
783.20	45.279
783.38	45.304
783.56	45.317
783.74	45.291
783.92	45.239
784.10	45.252
784.28	45.236
784.46	45.246
784.64	45.240
784.82	45.224
785.00	45.177
785.18	45.123
785.36	45.057
785.54	44.990
785.72	44.890
785.90	44.856
786.08	44.740
786.26	44.595
786.43	44.474
786.61	44.342
786.79	44.254
786.97	44.096
787.15	43.994
787.33	43.836
787.51	43.698
787.69	43.599
787.87	43.508
788.05	43.446
788.23	43.305
788.41	43.173
788.59	43.081
788.77	43.017
788.95	42.942
789.13	42.890
789.30	42.868
789.48	42.883
789.66	42.786
789.84	42.768
790.02	42.800
790.20	42.776
790.38	42.837
790.56	42.854
790.74	42.894
790.92	42.932
791.10	43.060
791.28	43.153
791.45	43.226
791.63	43.218
791.81	43.247
791.99	43.313
792.17	43.469
792.35	43.524
792.53	43.574
792.71	43.590
792.89	43.594
793.07	43.601
793.24	43.609
793.42	43.674
793.60	43.707
793.78	43.706
793.96	43.733
794.14	43.698
794.32	43.659
794.50	43.598
794.67	43.559
794.85	43.462
795.03	43.366
795.21	43.269
795.39	43.216
795.57	43.162
795.75	43.092
795.93	43.006
796.10	42.906
796.28	42.782
796.46	42.762
796.64	42.706
796.82	42.617
797.00	42.558
797.18	42.476
797.35	42.404
797.53	42.345
797.71	42.274
797.89	42.260
798.07	42.218
798.25	42.232
798.43	42.205
798.60	42.256
798.78	42.248
798.96	42.345
799.14	42.382
799.32	42.416
799.50	42.439
799.67	42.442
799.85	42.493
800.03	42.570
800.21	42.622
800.39	42.690
800.57	42.769
800.74	42.804
800.92	42.863
801.10	42.922
801.28	42.952
801.46	42.975
801.64	43.044
801.81	43.104
801.99	43.073
802.17	43.121
802.35	43.093
802.53	43.186
802.70	43.123
802.88	43.120
803.06	43.035
803.24	43.060
803.42	43.026
803.59	43.060
803.77	43.013
803.95	42.972
804.13	42.998
804.31	42.976
804.48	42.891
804.66	42.842
804.84	42.849
805.02	42.762
805.20	42.777
805.37	42.703
805.55	42.693
805.73	42.670
805.91	42.603
806.08	42.619
806.26	42.538
806.44	42.503
806.62	42.474
806.80	42.508
806.97	42.471
807.15	42.482
807.33	42.499
807.51	42.552
807.68	42.522
807.86	42.540
808.04	42.479
808.22	42.520
808.39	42.503
808.57	42.496
808.75	42.589
808.93	42.582
809.10	42.692
809.28	42.700
809.46	42.750
809.64	42.831
809.81	42.818
809.99	42.876
810.17	42.950
810.35	42.999
810.52	43.001
810.70	43.029
810.88	42.972
811.06	42.931
811.23	42.843
811.41	42.813
811.59	42.717
811.77	42.694
811.94	42.653
812.12	42.626
812.30	42.524
812.47	42.470
812.65	42.401
812.83	42.254
813.01	42.161
813.18	42.039
813.36	41.922
813.54	41.850
813.71	41.705
813.89	41.595
814.07	41.471
814.25	41.405
814.42	41.302
814.60	41.372
814.78	41.209
814.95	41.167
815.13	41.111
815.31	41.024
815.49	40.946
815.66	40.847
815.84	40.737
816.02	40.726
816.19	40.635
816.37	40.554
816.55	40.364
816.72	40.265
816.90	40.143
817.08	40.001
817.25	39.849
817.43	39.721
817.61	39.512
817.78	39.341
817.96	39.095
818.14	38.914
818.31	38.594
818.49	38.328
818.67	37.971
818.84	37.554
819.02	37.137
819.20	36.793
819.37	36.341
819.55	35.932
819.73	35.528
819.90	35.116
820.08	34.730
820.26	34.420
820.43	34.099
820.61	33.821
820.79	33.564
820.96	33.327
821.14	33.114
821.32	32.934
821.49	32.787
821.67	32.664
821.85	32.526
822.02	32.408
822.20	32.311
822.37	32.229
822.55	32.143
822.73	32.065
822.90	31.985
823.08	31.955
823.26	31.921
823.43	31.890
823.61	31.904
823.78	31.917
823.96	31.922
824.14	31.924
824.31	31.969
824.49	32.014
824.67	32.041
824.84	32.081
825.02	32.114
825.19	32.132
825.37	32.160
825.55	32.212
825.72	32.279
825.90	32.340
826.07	32.397
826.25	32.500
826.43	32.580
826.60	32.643
826.78	32.712
826.95	32.765
827.13	32.834
827.31	32.887
827.48	32.963
827.66	33.037
827.83	33.136
828.01	33.186
828.19	33.252
828.36	33.356
828.54	33.440
828.71	33.548
828.89	33.681
829.06	33.817
829.24	33.902
829.42	34.017
829.59	34.166
829.77	34.322
829.94	34.435
830.12	34.562
830.29	34.737
830.47	34.851
830.65	35.012
830.82	35.159
831.00	35.246
831.17	35.353
831.35	35.467
831.52	35.538
831.70	35.585
831.87	35.614
832.05	35.555
832.23	35.575
832.40	35.520
832.58	35.453
832.75	35.298
832.93	35.282
833.10	35.152
833.28	35.057
833.45	34.963
833.63	34.871
833.80	34.795
833.98	34.708
834.15	34.693
834.33	34.650
834.51	34.620
834.68	34.676
834.86	34.706
835.03	34.757
835.21	34.781
835.38	34.848
835.56	34.934
835.73	35.102
835.91	35.195
836.08	35.360
836.26	35.515
836.43	35.708
836.61	35.840
836.78	36.126
836.96	36.325
837.13	36.598
837.31	36.784
837.48	37.084
837.66	37.379
837.83	37.683
838.01	37.958
838.18	38.237
838.36	38.458
838.53	38.754
838.71	38.967
838.88	39.294
839.06	39.593
839.23	39.764
839.41	39.941
839.58	40.109
839.76	40.212
839.93	40.319
840.11	40.536
840.28	40.656
840.46	40.634
840.63	40.680
840.81	40.719
840.98	40.897
841.15	41.091
841.33	41.238
841.50	41.373
841.68	41.562
841.85	41.724
842.03	41.961
842.20	42.069
842.38	42.275
842.55	42.424
842.73	42.628
842.90	42.932
843.08	43.148
843.25	43.405
843.42	43.718
843.60	44.054
843.77	44.199
843.95	44.583
844.12	44.881
844.30	45.188
844.47	45.392
844.64	45.620
844.82	45.825
844.99	46.065
845.17	46.258
845.34	46.540
845.52	46.846
845.69	46.948
845.87	47.156
846.04	47.331
846.21	47.541
846.39	47.534
846.56	47.540
846.74	47.614
846.91	47.622
847.08	47.618
847.26	47.623
847.43	47.816
847.61	47.932
847.78	48.007
847.95	48.105
848.13	48.088
848.30	48.337
848.48	48.405
848.65	48.493
848.83	48.342
849.00	48.389
849.17	48.310
849.35	48.369
849.52	48.321
849.69	48.295
849.87	48.297
850.04	48.216
850.22	48.221
850.39	48.178
850.56	48.323
850.74	48.428
850.91	48.388
851.09	48.393
851.26	48.223
851.43	48.169
851.61	48.153
851.78	48.281
851.95	48.148
852.13	48.082
852.30	48.083
852.48	48.253
852.65	48.179
852.82	48.260
853.00	48.217
853.17	48.250
853.34	48.217
853.52	48.102
853.69	48.250
853.86	48.214
854.04	48.198
854.21	48.196
854.38	48.121
854.56	48.261
854.73	48.286
854.90	48.325
855.08	48.414
855.25	48.307
855.42	48.303
855.60	48.404
855.77	48.392
855.95	48.330
856.12	48.412
856.29	48.393
856.46	48.627
856.64	48.655
856.81	48.572
856.98	48.532
857.16	48.663
857.33	48.546
857.50	48.528
857.68	48.695
857.85	48.677
858.02	48.809
858.20	48.740
858.37	48.809
858.54	48.743
858.72	48.685
858.89	48.793
859.06	48.726
859.24	48.677
859.41	48.811
859.58	48.748
859.75	48.582
859.93	48.498
860.10	48.283
860.27	48.122
860.45	48.291
860.62	48.411
860.79	48.379
860.97	48.381
861.14	48.394
861.31	48.312
861.48	48.149
861.66	47.822
861.83	47.644
862.00	47.585
862.17	47.586
862.35	47.516
862.52	47.447
862.69	47.463
862.87	47.421
863.04	47.242
863.21	47.097
863.38	47.193
863.56	47.323
863.73	47.189
863.90	47.346
864.07	47.200
864.25	47.059
864.42	46.953
864.59	46.974
864.76	46.752
864.94	46.693
865.11	46.685
865.28	46.868
865.45	46.885
865.63	46.684
865.80	46.483
865.97	46.511
866.14	46.409
866.32	46.196
866.49	46.093
866.66	46.089
866.83	46.127
867.01	45.961
867.18	45.925
867.35	45.769
867.52	45.832
867.70	45.625
867.87	45.475
868.04	45.201
868.21	45.170
868.38	45.247
868.56	45.154
868.73	45.272
868.90	45.157
869.07	45.265
869.24	45.108
869.42	45.127
869.59	45.051
869.76	44.962
869.93	45.079
870.11	45.020
870.28	44.924
870.45	44.803
870.62	44.840
870.79	44.567
870.97	44.481
871.14	44.288
871.31	44.419
871.48	44.514
871.65	44.567
871.82	44.537
872.00	44.540
872.17	44.572
872.34	44.335
872.51	44.283
872.68	44.263
872.86	44.330
873.03	44.344
873.20	44.308
873.37	44.189
873.54	44.283
873.71	44.210
873.89	44.100
874.06	44.156
874.23	44.009
874.40	44.140
874.57	44.274
874.74	44.147
874.92	43.970
875.09	43.845
875.26	43.884
875.43	43.858
875.60	43.641
875.77	43.549
875.95	43.631
876.12	43.453
876.29	43.246
876.46	43.126
876.63	42.986
876.80	42.841
876.97	42.666
877.15	42.383
877.32	41.940
877.49	41.679
877.66	41.480
877.83	41.244
878.00	40.746
878.17	40.110
878.34	39.501
878.52	38.901
878.69	38.180
878.86	37.425
879.03	36.731
879.20	36.179
879.37	35.463
879.54	34.869
879.71	34.374
879.89	33.935
880.06	33.404
880.23	33.044
880.40	32.640
880.57	32.373
880.74	32.082
880.91	31.885
881.08	31.690
881.25	31.477
881.42	31.301
881.60	31.165
881.77	31.090
881.94	30.961
882.11	30.874
882.28	30.803
882.45	30.776
882.62	30.705
882.79	30.673
882.96	30.689
883.13	30.700
883.30	30.730
883.48	30.767
883.65	30.864
883.82	30.900
883.99	30.994
884.16	31.065
884.33	31.139
884.50	31.255
884.67	31.331
884.84	31.440
885.01	31.548
885.18	31.677
885.35	31.798
885.52	32.002
885.69	32.186
885.87	32.459
886.04	32.696
886.21	32.970
886.38	33.196
886.55	33.502
886.72	33.802
886.89	34.122
887.06	34.359
887.23	34.655
887.40	34.962
887.57	35.289
887.74	35.621
887.91	36.038
888.08	36.391
888.25	36.787
888.42	37.196
888.59	37.536
888.76	37.842
888.93	38.063
889.10	38.410
889.27	38.659
889.44	38.782
889.61	38.974
889.78	39.219
889.95	39.550
890.12	39.589
890.29	39.601
890.46	39.692
890.63	39.910
890.80	40.053
890.97	40.209
891.15	40.247
891.32	40.333
891.49	40.236
891.66	40.212
891.83	40.257
892.00	39.972
892.17	39.912
892.34	41.539
892.51	40.073
892.68	39.332
892.84	39.111
893.01	39.940
893.18	38.605
893.35	39.285
893.52	40.583
893.69	37.574
